// MilkShape 3D ASCII

Frames: 1
Frame: 1

Meshes: 17
"Torso" 0 0
35
0 0.000000 0.060000 0.920000 0.310547 0.255859 2
0 1.220000 0.080000 0.600000 0.345703 0.255859 2
0 1.210000 -0.730000 0.970000 0.345703 0.306641 2
0 0.000000 -0.790000 1.070000 0.310547 0.310547 2
0 -1.200000 -0.730000 0.970000 0.271484 0.306641 2
0 0.000000 -1.760000 0.890000 0.310547 0.373047 2
0 -0.320000 -1.730000 0.920000 0.298828 0.373047 2
0 -0.280000 -1.660000 -0.960000 0.349609 0.373047 2
0 0.000000 -1.680000 -1.020000 0.376953 0.373047 2
0 0.000000 -0.800000 -1.080000 0.376953 0.310547 2
0 -1.160000 -0.730000 -0.810000 0.287109 0.306641 2
0 -0.280000 -1.660000 -0.960000 0.384766 0.869141 2
0 0.000000 -1.830000 0.020000 0.435547 0.810547 2
0 0.000000 -1.680000 -1.020000 0.435547 0.873047 2
0 -0.320000 -1.730000 0.920000 0.376953 0.755859 2
0 0.000000 -1.760000 0.890000 0.435547 0.755859 2
0 -1.600000 -0.630000 0.120000 0.263672 0.302734 2
0 -1.480000 0.080000 0.000000 0.263672 0.255859 2
0 -1.220000 0.080000 0.600000 0.271484 0.255859 2
0 -1.480000 0.080000 0.000000 0.255859 0.255859 2
0 -1.600000 -0.630000 0.120000 0.255859 0.298828 2
0 0.330000 -1.730000 0.920000 0.318359 0.373047 2
0 0.290000 -1.660000 -0.960000 0.400391 0.373047 2
0 0.290000 -1.660000 -0.960000 0.486328 0.869141 2
0 0.330000 -1.730000 0.920000 0.494141 0.755859 2
0 1.490000 0.080000 0.000000 0.353516 0.255859 2
0 1.610000 -0.630000 0.120000 0.353516 0.302734 2
0 -0.080000 -1.830000 0.020000 0.419922 0.810547 2
0 0.090000 -1.830000 0.020000 0.451172 0.810547 2
0 1.170000 -0.730000 -0.810000 0.462891 0.306641 2
0 1.610000 -0.630000 0.120000 0.494141 0.298828 2
0 1.490000 0.080000 0.000000 0.494141 0.255859 2
0 -1.090000 0.000000 -0.810000 0.287109 0.255859 2
0 1.100000 0.000000 -0.860000 0.462891 0.255859 2
0 0.000000 -0.060000 -1.150000 0.376953 0.255859 2
35
0.000230 -0.293743 -0.955884
-0.723543 -0.293244 -0.624895
-0.353201 -0.177750 -0.918506
-0.000153 0.045958 -0.998943
0.354371 -0.173865 -0.918799
-0.001131 0.182452 -0.983214
0.006943 0.155272 -0.987847
0.221687 0.063596 0.973042
0.003603 0.068024 0.997677
-0.036035 0.070394 0.996868
0.560425 -0.008867 0.828158
0.050455 0.986359 0.156687
0.000760 0.999520 0.030971
0.001729 0.989757 0.142753
0.042851 0.994529 -0.095267
0.001293 0.996778 -0.080201
0.889428 -0.197293 -0.412302
0.895695 -0.216985 -0.388134
0.727989 -0.288554 -0.621908
0.896111 -0.082144 0.436163
0.897854 -0.078527 0.433235
-0.007697 0.154941 -0.987894
-0.217197 0.062682 0.974113
-0.048728 0.986444 0.156698
-0.041559 0.994583 -0.095271
-0.889967 -0.218105 -0.400485
-0.885179 -0.203311 -0.418476
0.000000 0.999533 0.030547
0.000000 0.999533 0.030547
-0.628753 -0.009269 0.777550
-0.897854 -0.078527 0.433235
-0.902571 -0.068488 0.425059
0.648249 -0.062161 0.758887
-0.509440 0.028305 0.860040
0.092607 0.053141 0.994284
32
0 0 1 2 0 1 2 1
0 0 3 4 0 3 4 1
0 3 5 6 3 5 6 1
0 7 8 9 7 8 9 1
0 10 7 9 10 7 9 1
0 11 12 13 11 12 13 1
0 12 14 15 12 14 15 1
0 16 17 18 16 17 18 1
0 19 20 10 19 20 10 1
0 21 5 3 21 5 3 1
0 9 8 22 9 8 22 1
0 13 12 23 13 12 23 1
0 15 24 12 15 24 12 1
0 1 25 26 1 25 26 1
0 27 14 12 27 14 12 1
0 12 24 28 12 24 28 1
0 28 23 12 28 23 12 1
0 12 11 27 12 11 27 1
0 29 30 31 29 30 31 1
0 9 22 29 9 22 29 1
0 10 32 19 10 32 19 1
0 31 33 29 31 33 29 1
0 4 18 0 4 18 0 1
0 2 3 0 2 3 0 1
0 18 4 16 18 4 16 1
0 26 2 1 26 2 1 1
0 29 33 9 29 33 9 1
0 9 34 10 9 34 10 1
0 6 4 3 6 4 3 1
0 3 2 21 3 2 21 1
0 9 33 34 9 33 34 1
0 10 34 32 10 34 32 1
"R upper leg" 0 0
39
0 -0.320000 -1.730000 0.920000 0.697266 0.005859 2
0 0.580000 -1.510000 0.740000 0.697266 0.080078 7
0 -0.460000 -0.400000 0.660000 0.568359 0.005859 7
0 -0.500000 -4.020000 0.740000 0.564453 0.244141 7
0 -0.500000 -4.020000 -0.790000 0.564453 0.244141 7
0 0.480000 -4.020000 -0.790000 0.697266 0.244141 7
0 0.600000 -1.510000 -1.060000 0.697266 0.080078 7
0 0.880000 -4.020000 -0.060000 0.744141 0.244141 7
0 0.530000 -4.020000 0.740000 0.697266 0.244141 7
0 -0.430000 -0.370000 -1.000000 0.572266 0.005859 7
0 -0.280000 -1.660000 -0.960000 0.697266 0.005859 2
0 0.840000 -1.580000 -0.110000 0.744141 0.087891 7
0 -0.080000 -1.830000 0.020000 0.744141 0.005859 2
0 -1.200000 -0.730000 0.970000 0.291016 0.287109 2
0 -0.460000 -0.400000 0.660000 0.287109 0.373047 7
0 -0.960000 -0.400000 -0.010000 0.259766 0.373047 7
0 -0.960000 -0.400000 -0.010000 0.255859 0.373047 7
0 -0.430000 -0.370000 -1.000000 0.291016 0.373047 7
0 -1.160000 -0.730000 -0.810000 0.294922 0.287109 2
0 -0.910000 -4.020000 -0.060000 0.505859 0.244141 7
0 -0.960000 -0.400000 -0.010000 0.505859 0.005859 7
0 -0.320000 -1.730000 0.920000 0.349609 0.373047 2
0 -1.600000 -0.630000 0.120000 0.255859 0.287109 2
0 -0.280000 -1.660000 -0.960000 0.353516 0.373047 2
0 -1.600000 -0.630000 0.120000 0.259766 0.287109 2
0 -1.160000 -3.020000 -0.150000 0.505859 0.220703 7
0 -0.750000 -3.020000 -1.010000 0.572266 0.220703 7
0 -0.960000 -0.400000 -0.010000 0.505859 0.076172 7
0 -0.750000 -3.020000 -1.010000 0.564453 0.244141 7
0 -1.160000 -3.020000 -0.150000 0.505859 0.244141 7
0 -0.500000 -4.020000 -0.790000 0.564453 0.197266 7
0 -1.160000 -3.020000 -0.150000 0.376953 0.837891 7
0 -0.960000 -0.400000 -0.010000 0.400391 0.755859 7
0 -0.910000 -4.020000 -0.060000 0.412109 0.873047 7
0 -0.750000 -3.020000 -1.010000 0.447266 0.837891 7
0 -0.500000 -4.020000 -0.790000 0.486328 0.873047 7
0 -0.430000 -0.370000 -1.000000 0.494141 0.755859 7
0 -0.430000 -0.370000 -1.000000 0.572266 0.076172 7
0 -0.910000 -4.020000 -0.060000 0.505859 0.197266 7
33
0.307365 -0.752463 0.582518
-0.629389 -0.344500 -0.696555
0.838603 0.134298 -0.527929
0.496011 -0.007431 -0.868284
0.059313 0.081032 0.994945
-0.506544 0.116120 0.854359
-0.545938 -0.653941 0.523749
-0.999740 0.021237 0.008356
-0.547271 0.010902 -0.836885
0.733979 0.669245 -0.115698
0.024085 -0.647704 -0.761512
-0.366028 -0.929167 0.051688
0.226017 -0.972813 -0.050519
-0.119957 0.819821 0.559915
-0.010810 0.697465 0.716537
-0.298566 0.924154 0.238324
-0.426620 0.868762 -0.251490
-0.438863 0.493961 -0.750601
-0.434316 0.676620 -0.594605
0.889780 0.018588 -0.456012
0.848658 -0.001746 -0.528938
0.295441 0.213266 0.931253
-0.373977 0.886650 -0.272016
-0.225438 -0.056336 -0.972627
-0.284045 0.927508 0.242998
0.898879 -0.091515 0.428535
0.888596 -0.099666 0.447731
0.859636 0.305071 0.409826
0.852273 0.279524 0.442150
0.402313 0.018199 -0.915321
-0.515834 0.059064 0.854650
0.877833 -0.107764 0.466686
0.843417 0.253487 0.473700
28
0 0 1 2 0 1 2 1
0 2 1 3 2 1 3 1
0 4 5 6 4 5 6 1
0 7 8 1 7 8 1 1
0 9 4 6 9 4 6 1
0 6 10 9 6 10 9 1
0 6 11 12 6 11 12 1
0 11 1 0 11 1 0 1
0 13 14 15 13 14 15 1
0 16 17 18 16 17 18 1
0 3 19 20 3 19 20 1
0 1 8 3 1 8 3 1
0 14 13 21 14 13 21 1
0 6 5 7 6 5 7 1
0 12 10 6 12 10 6 1
0 0 12 11 0 12 11 1
0 18 22 16 18 22 16 1
0 17 23 18 17 23 18 1
0 15 24 13 15 24 13 1
0 7 11 6 7 11 6 1
0 1 11 7 1 11 7 1
0 20 2 3 20 2 3 1
0 25 26 27 25 26 26 1
0 28 29 30 27 28 28 1
0 31 32 33 29 29 29 1
0 34 35 36 30 30 30 1
0 27 26 37 26 26 31 1
0 30 29 38 28 28 32 1
"R lower leg" 0 0
44
0 0.490000 -0.830000 -0.750000 0.693359 0.369141 6
0 0.880000 -0.800000 -0.010000 0.744141 0.369141 6
0 0.480000 -4.020000 -0.790000 0.693359 0.255859 7
0 0.600000 -0.800000 0.860000 0.708984 0.369141 6
0 0.880000 -4.020000 -0.060000 0.744141 0.255859 7
0 -0.640000 -0.800000 0.860000 0.541016 0.369141 6
0 -0.500000 -4.020000 0.740000 0.560547 0.255859 7
0 0.440000 -0.830000 -0.480000 0.466797 0.853516 6
0 0.490000 -0.830000 -0.750000 0.470703 0.873047 6
0 -0.500000 -0.860000 -0.480000 0.400391 0.853516 6
0 -0.890000 -0.790000 -0.010000 0.505859 0.369141 6
0 -0.910000 -4.020000 -0.060000 0.505859 0.255859 7
0 -0.460000 -2.570000 -0.350000 0.380859 0.748047 6
0 -0.500000 -0.860000 -0.480000 0.376953 0.630859 6
0 -0.500000 -0.850000 0.560000 0.376953 0.630859 6
0 -0.530000 -0.860000 -0.750000 0.552734 0.369141 6
0 -0.500000 -4.020000 -0.790000 0.560547 0.255859 7
0 0.490000 -3.820000 0.640000 0.623047 0.619141 6
0 -0.550000 -3.820000 0.640000 0.505859 0.619141 6
0 -0.420000 -2.570000 0.440000 0.505859 0.501953 6
0 0.530000 -4.020000 0.740000 0.697266 0.255859 7
0 0.390000 -2.570000 -0.350000 0.623047 0.501953 6
0 0.430000 -3.670000 -0.650000 0.623047 0.619141 6
0 0.490000 -3.820000 0.640000 0.744141 0.619141 6
0 0.880000 -0.800000 -0.010000 0.494141 0.818359 6
0 0.600000 -0.800000 0.860000 0.478516 0.755859 6
0 -0.540000 -3.670000 -0.650000 0.505859 0.619141 6
0 -0.530000 -0.860000 -0.750000 0.400391 0.873047 6
0 -0.890000 -0.790000 -0.010000 0.376953 0.818359 6
0 -0.640000 -0.800000 0.860000 0.392578 0.755859 6
0 -0.500000 -0.850000 0.560000 0.400391 0.775391 6
0 0.450000 -0.850000 0.560000 0.466797 0.775391 6
0 0.440000 -0.830000 -0.480000 0.494141 0.630859 6
0 -0.550000 -3.820000 0.640000 0.744141 0.619141 6
0 -0.540000 -3.670000 -0.650000 0.623047 0.619141 6
0 -0.460000 -2.570000 -0.350000 0.623047 0.501953 6
0 0.450000 -0.850000 0.560000 0.494141 0.630859 6
0 0.370000 -2.570000 0.440000 0.490234 0.748047 6
0 0.390000 -2.570000 -0.350000 0.486328 0.748047 6
0 -0.420000 -2.570000 0.440000 0.376953 0.748047 6
0 0.370000 -2.570000 0.440000 0.744141 0.501953 6
0 -0.420000 -2.570000 0.440000 0.744141 0.501953 6
0 -0.460000 -2.570000 -0.350000 0.505859 0.501953 6
0 0.370000 -2.570000 0.440000 0.623047 0.501953 6
39
0.516398 0.009091 -0.856300
0.973252 0.002065 -0.229730
0.513004 0.010381 -0.858323
0.567723 -0.034657 0.822490
0.996546 -0.011665 0.082214
-0.729688 -0.035950 0.682835
-0.340033 -0.049759 0.939096
-0.124627 0.992199 -0.002865
-0.039380 0.999215 -0.004388
0.112214 0.993614 -0.011822
-0.996191 0.007512 -0.086869
-0.998458 -0.012044 -0.054190
0.713938 0.080005 0.695624
0.705511 0.070117 0.705221
0.696622 0.074114 -0.713600
-0.517521 0.010338 -0.855608
-0.505137 0.006100 -0.863018
0.000000 -0.157990 -0.987441
0.546865 -0.043027 0.836114
-0.695549 -0.234975 0.678969
-0.688073 -0.214112 0.693334
-0.997260 -0.073550 0.007868
-0.053749 0.998464 -0.013416
-0.137212 0.989070 -0.053970
0.000000 -0.263117 0.964764
0.063741 0.997941 -0.007082
0.149210 0.988528 -0.023415
0.116597 0.988824 -0.092910
0.162078 0.982831 -0.088173
-0.120328 0.987232 -0.104378
-0.445665 0.079948 0.891623
0.995447 -0.091853 -0.025480
0.997379 -0.072351 -0.000681
-0.890052 0.065611 -0.451112
-0.441533 0.082867 -0.893410
-0.895353 0.068201 0.440105
0.687063 0.082323 -0.721919
-0.994717 -0.099522 -0.025181
0.992520 -0.111263 -0.050254
38
0 0 1 2 0 1 2 1
0 1 3 4 1 3 4 1
0 3 5 6 3 5 6 1
0 7 8 9 7 8 9 1
0 5 10 11 5 10 11 1
0 12 13 14 12 13 14 1
0 15 16 11 15 16 11 1
0 15 0 2 15 0 2 1
0 17 18 19 17 17 17 1
0 6 20 3 6 18 3 1
0 21 22 23 19 20 21 1
0 2 16 15 2 16 15 1
0 11 6 5 11 6 5 1
0 11 10 15 11 10 15 1
0 24 8 7 22 8 7 1
0 25 24 7 23 22 7 1
0 26 22 21 24 20 19 1
0 9 27 28 9 25 26 1
0 9 28 29 9 26 27 1
0 30 29 31 28 27 29 1
0 29 30 9 27 28 9 1
0 7 31 25 7 29 23 1
0 32 13 12 30 13 12 1
0 33 34 35 31 32 31 1
0 14 36 37 14 33 34 1
0 36 32 38 33 30 35 1
0 38 37 36 35 34 33 1
0 14 39 12 14 36 12 1
0 23 40 21 21 37 19 1
0 35 41 33 31 38 31 1
0 12 38 32 12 35 30 1
0 21 42 26 19 24 24 1
0 37 39 14 34 36 14 1
0 19 43 17 17 17 17 1
0 2 1 4 2 1 4 1
0 4 3 20 4 3 18 1
0 9 8 27 9 8 25 1
0 31 29 25 29 27 23 1
"R foot" 0 0
22
0 -0.960000 -1.440000 -1.260000 0.580078 0.744141 4
0 -0.980000 -0.730000 -1.250000 0.583984 0.697266 4
0 -0.910000 -0.780000 -0.090000 0.673828 0.701172 4
0 0.490000 -3.820000 0.640000 0.728516 0.626953 6
0 0.580000 -0.790000 0.840000 0.744141 0.701172 4
0 -0.580000 -0.790000 0.840000 0.744141 0.701172 4
0 -0.540000 -3.670000 -0.650000 0.626953 0.626953 6
0 -0.490000 -0.210000 -1.480000 0.564453 0.662109 4
0 -0.460000 -1.420000 0.780000 0.740234 0.744141 4
0 0.340000 -1.420000 0.780000 0.740234 0.744141 4
0 0.800000 -0.760000 -0.140000 0.669922 0.701172 4
0 -0.550000 -3.820000 0.640000 0.728516 0.626953 6
0 0.850000 -1.440000 -1.260000 0.580078 0.744141 4
0 -0.650000 -0.100000 -2.150000 0.513672 0.658203 4
0 -0.680000 -1.170000 -2.270000 0.505859 0.744141 4
0 0.580000 -0.100000 -2.150000 0.513672 0.658203 4
0 0.420000 -0.210000 -1.480000 0.564453 0.662109 4
0 0.520000 -1.170000 -2.270000 0.505859 0.744141 4
0 0.520000 -1.170000 -2.270000 0.505859 0.728516 4
0 -0.680000 -1.170000 -2.270000 0.505859 0.728516 4
0 0.880000 -0.730000 -1.250000 0.583984 0.697266 4
0 0.430000 -3.670000 -0.650000 0.626953 0.626953 6
22
0.751926 0.649847 0.110934
0.712759 -0.536376 -0.451968
-0.230576 0.729397 -0.644061
0.670980 -0.099199 0.734809
0.060345 0.417177 -0.906820
-0.018953 0.135937 0.990536
-0.587019 -0.255227 -0.768289
0.133222 -0.670665 -0.729699
0.511792 0.481922 -0.711211
-0.505016 0.766021 -0.397708
0.244778 0.818858 -0.519188
-0.824371 -0.093755 0.558232
-0.740684 0.650876 0.166575
0.644051 -0.720822 0.256151
0.393334 -0.113351 0.912382
-0.661868 -0.483074 0.573210
-0.090289 -0.691703 -0.716515
-0.586079 -0.057774 0.808192
0.000000 0.966076 0.258259
0.000000 0.966076 0.258259
-0.722683 -0.514578 -0.461453
0.732504 -0.237837 -0.637864
34
0 0 1 2 0 1 2 1
0 3 4 5 3 4 5 1
0 6 1 7 6 1 7 1
0 5 4 8 5 4 8 1
0 9 4 10 9 4 10 1
0 5 11 3 5 11 3 1
0 12 0 9 12 0 9 1
0 13 14 15 13 14 15 1
0 0 14 13 0 14 13 1
0 13 1 0 13 1 0 1
0 15 16 13 15 16 13 1
0 15 17 12 15 17 12 1
0 18 19 12 18 19 12 1
0 12 20 15 12 20 15 1
0 15 20 16 15 20 16 1
0 21 20 10 21 20 10 1
0 11 5 2 11 5 2 1
0 10 20 12 10 20 12 1
0 7 1 13 7 1 13 1
0 16 20 21 16 20 21 1
0 10 4 3 10 4 3 1
0 2 5 8 2 5 8 1
0 8 0 2 8 0 2 1
0 10 12 9 10 12 9 1
0 10 3 21 10 3 21 1
0 2 1 6 2 1 6 1
0 6 11 2 6 11 2 1
0 21 6 16 21 6 16 1
0 8 4 9 8 4 9 1
0 9 0 8 9 0 8 1
0 15 14 17 15 14 17 1
0 13 16 7 13 16 7 1
0 12 19 0 12 19 0 1
0 16 6 7 16 6 7 1
"L upper leg" 0 0
39
0 0.470000 -0.400000 0.660000 0.568359 0.005859 14
0 -0.570000 -1.510000 0.740000 0.697266 0.080078 14
0 0.330000 -1.730000 0.920000 0.697266 0.005859 2
0 0.510000 -4.020000 0.740000 0.564453 0.244141 14
0 -0.590000 -1.510000 -1.060000 0.697266 0.080078 14
0 -0.470000 -4.020000 -0.790000 0.697266 0.244141 14
0 0.510000 -4.020000 -0.790000 0.564453 0.244141 14
0 -0.520000 -4.020000 0.740000 0.697266 0.244141 14
0 -0.870000 -4.020000 -0.060000 0.744141 0.244141 14
0 0.440000 -0.370000 -1.000000 0.572266 0.005859 14
0 0.290000 -1.660000 -0.960000 0.697266 0.005859 2
0 0.090000 -1.830000 0.020000 0.744141 0.005859 2
0 -0.830000 -1.580000 -0.110000 0.744141 0.087891 14
0 0.970000 -0.400000 -0.010000 0.259766 0.373047 14
0 0.470000 -0.400000 0.660000 0.287109 0.373047 14
0 1.210000 -0.730000 0.970000 0.291016 0.287109 2
0 1.170000 -0.730000 -0.810000 0.294922 0.287109 2
0 0.440000 -0.370000 -1.000000 0.291016 0.373047 14
0 0.970000 -0.400000 -0.010000 0.255859 0.373047 14
0 0.970000 -0.400000 -0.010000 0.505859 0.005859 14
0 0.920000 -4.020000 -0.060000 0.505859 0.244141 14
0 0.330000 -1.730000 0.920000 0.349609 0.373047 2
0 1.610000 -0.630000 0.120000 0.255859 0.287109 2
0 0.290000 -1.660000 -0.960000 0.353516 0.373047 2
0 1.610000 -0.630000 0.120000 0.259766 0.287109 2
0 0.970000 -0.400000 -0.010000 0.505859 0.076172 14
0 0.440000 -0.370000 -1.000000 0.572266 0.076172 14
0 1.170000 -3.020000 -0.150000 0.505859 0.220703 14
0 0.510000 -4.020000 -0.790000 0.564453 0.197266 14
0 0.920000 -4.020000 -0.060000 0.505859 0.197266 14
0 0.760000 -3.020000 -1.010000 0.564453 0.244141 14
0 0.920000 -4.020000 -0.060000 0.412109 0.873047 14
0 0.970000 -0.400000 -0.010000 0.400391 0.755859 14
0 1.170000 -3.020000 -0.150000 0.376953 0.837891 14
0 0.440000 -0.370000 -1.000000 0.494141 0.755859 14
0 0.510000 -4.020000 -0.790000 0.486328 0.873047 14
0 0.760000 -3.020000 -1.010000 0.447266 0.837891 14
0 0.760000 -3.020000 -1.010000 0.572266 0.220703 14
0 1.170000 -3.020000 -0.150000 0.505859 0.244141 14
33
-0.838602 0.134291 -0.527932
0.629372 -0.344502 -0.696569
-0.307325 -0.752566 0.582406
-0.496011 -0.007431 -0.868284
0.546001 -0.653923 0.523705
0.506544 0.116120 0.854359
-0.059313 0.081032 0.994945
0.547271 0.010902 -0.836885
0.999740 0.021237 0.008356
-0.733969 0.669241 -0.115783
-0.023960 -0.647757 -0.761470
-0.225857 -0.972844 -0.050632
0.366090 -0.929149 0.051584
0.298458 0.924196 0.238295
0.010896 0.697467 0.716534
0.119949 0.819830 0.559903
0.434584 0.676243 -0.594838
0.439318 0.493530 -0.750619
0.426907 0.868494 -0.251930
-0.848658 -0.001746 -0.528938
-0.889780 0.018588 -0.456012
-0.295236 0.213259 0.931320
0.373939 0.886501 -0.272553
0.225710 -0.056451 -0.972558
0.283894 0.927557 0.242988
-0.879024 -0.092098 0.467797
-0.888359 -0.101054 0.447891
-0.829029 0.309693 0.465619
-0.851630 0.282911 0.441234
-0.402313 0.018199 -0.915321
0.515835 0.059064 0.854650
-0.897193 -0.109954 0.427732
-0.872679 0.255614 0.416045
28
0 0 1 2 0 1 2 1
0 3 1 0 3 1 0 1
0 4 5 6 4 5 6 1
0 1 7 8 1 7 8 1
0 4 6 9 4 6 9 1
0 9 10 4 9 10 4 1
0 11 12 4 11 12 4 1
0 2 1 12 2 1 12 1
0 13 14 15 13 14 15 1
0 16 17 18 16 17 18 1
0 19 20 3 19 20 3 1
0 3 7 1 3 7 1 1
0 21 15 14 21 15 14 1
0 8 5 4 8 5 4 1
0 4 10 11 4 10 11 1
0 12 11 2 12 11 2 1
0 18 22 16 18 22 16 1
0 16 23 17 16 23 17 1
0 15 24 13 15 24 13 1
0 4 12 8 4 12 8 1
0 8 12 1 8 12 1 1
0 3 0 19 3 0 19 1
0 25 26 27 25 26 26 1
0 28 29 30 27 28 28 1
0 31 32 33 29 29 29 1
0 34 35 36 30 30 30 1
0 27 26 37 26 26 31 1
0 30 29 38 28 28 32 1
"L lower leg" 0 0
44
0 0.490000 -0.830000 -0.750000 0.693359 0.369141 13
0 0.880000 -0.800000 -0.010000 0.744141 0.369141 13
0 0.520000 -4.020000 -0.790000 0.693359 0.255859 14
0 0.600000 -0.800000 0.860000 0.708984 0.369141 13
0 0.920000 -4.020000 -0.060000 0.744141 0.255859 14
0 -0.640000 -0.800000 0.860000 0.541016 0.369141 13
0 -0.460000 -4.020000 0.740000 0.560547 0.255859 14
0 0.440000 -0.830000 -0.480000 0.466797 0.853516 13
0 0.490000 -0.830000 -0.750000 0.470703 0.873047 13
0 -0.500000 -0.860000 -0.480000 0.400391 0.853516 13
0 -0.890000 -0.790000 -0.010000 0.505859 0.369141 13
0 -0.870000 -4.020000 -0.060000 0.505859 0.255859 14
0 -0.460000 -2.570000 -0.350000 0.380859 0.748047 13
0 -0.500000 -0.860000 -0.480000 0.376953 0.630859 13
0 -0.500000 -0.850000 0.560000 0.376953 0.630859 13
0 -0.530000 -0.860000 -0.750000 0.552734 0.369141 13
0 -0.460000 -4.020000 -0.790000 0.560547 0.255859 14
0 0.490000 -3.820000 0.640000 0.623047 0.619141 13
0 -0.550000 -3.820000 0.640000 0.505859 0.619141 13
0 -0.420000 -2.570000 0.440000 0.505859 0.501953 13
0 0.570000 -4.020000 0.740000 0.697266 0.255859 14
0 0.390000 -2.570000 -0.350000 0.623047 0.501953 13
0 0.430000 -3.670000 -0.650000 0.623047 0.619141 13
0 0.490000 -3.820000 0.640000 0.744141 0.619141 13
0 0.880000 -0.800000 -0.010000 0.494141 0.818359 13
0 0.600000 -0.800000 0.860000 0.478516 0.755859 13
0 -0.540000 -3.670000 -0.650000 0.505859 0.619141 13
0 -0.530000 -0.860000 -0.750000 0.400391 0.873047 13
0 -0.890000 -0.790000 -0.010000 0.376953 0.818359 13
0 -0.640000 -0.800000 0.860000 0.392578 0.755859 13
0 -0.500000 -0.850000 0.560000 0.400391 0.775391 13
0 0.450000 -0.850000 0.560000 0.466797 0.775391 13
0 0.440000 -0.830000 -0.480000 0.494141 0.630859 13
0 -0.550000 -3.820000 0.640000 0.744141 0.619141 13
0 -0.540000 -3.670000 -0.650000 0.623047 0.619141 13
0 -0.460000 -2.570000 -0.350000 0.623047 0.501953 13
0 0.450000 -0.850000 0.560000 0.494141 0.630859 13
0 0.370000 -2.570000 0.440000 0.490234 0.748047 13
0 0.390000 -2.570000 -0.350000 0.486328 0.748047 13
0 -0.420000 -2.570000 0.440000 0.376953 0.748047 13
0 0.370000 -2.570000 0.440000 0.744141 0.501953 13
0 -0.420000 -2.570000 0.440000 0.744141 0.501953 13
0 -0.460000 -2.570000 -0.350000 0.505859 0.501953 13
0 0.370000 -2.570000 0.440000 0.623047 0.501953 13
39
0.516160 0.015603 -0.856350
0.973127 0.014276 -0.229824
0.512843 0.016820 -0.858318
0.567890 -0.027552 0.822643
0.996608 0.000799 0.082286
-0.729394 -0.045034 0.682610
-0.339792 -0.053984 0.938950
-0.124627 0.992199 -0.002865
-0.039380 0.999215 -0.004388
0.112214 0.993614 -0.011822
-0.996241 -0.004919 -0.086485
-0.998235 -0.024559 -0.054066
0.713938 0.080005 0.695624
0.705511 0.070117 0.705221
0.696622 0.074114 -0.713600
-0.517745 0.003802 -0.855527
-0.505124 -0.000346 -0.863047
0.000000 -0.157990 -0.987441
0.547104 -0.036186 0.836282
-0.695549 -0.234975 0.678969
-0.688073 -0.214112 0.693334
-0.997260 -0.073550 0.007868
-0.053749 0.998464 -0.013416
-0.137212 0.989070 -0.053970
0.000000 -0.263117 0.964764
0.063741 0.997941 -0.007082
0.149210 0.988528 -0.023415
0.116597 0.988824 -0.092910
0.162078 0.982831 -0.088173
-0.120328 0.987232 -0.104378
-0.445665 0.079948 0.891623
0.995447 -0.091853 -0.025480
0.997379 -0.072351 -0.000681
-0.890052 0.065611 -0.451112
-0.441533 0.082867 -0.893410
-0.895353 0.068201 0.440105
0.687063 0.082323 -0.721919
-0.994717 -0.099522 -0.025181
0.992520 -0.111263 -0.050254
38
0 0 1 2 0 1 2 1
0 1 3 4 1 3 4 1
0 3 5 6 3 5 6 1
0 7 8 9 7 8 9 1
0 5 10 11 5 10 11 1
0 12 13 14 12 13 14 1
0 15 16 11 15 16 11 1
0 15 0 2 15 0 2 1
0 17 18 19 17 17 17 1
0 6 20 3 6 18 3 1
0 21 22 23 19 20 21 1
0 2 16 15 2 16 15 1
0 11 6 5 11 6 5 1
0 11 10 15 11 10 15 1
0 24 8 7 22 8 7 1
0 25 24 7 23 22 7 1
0 26 22 21 24 20 19 1
0 9 27 28 9 25 26 1
0 9 28 29 9 26 27 1
0 30 29 31 28 27 29 1
0 29 30 9 27 28 9 1
0 7 31 25 7 29 23 1
0 32 13 12 30 13 12 1
0 33 34 35 31 32 31 1
0 14 36 37 14 33 34 1
0 36 32 38 33 30 35 1
0 38 37 36 35 34 33 1
0 14 39 12 14 36 12 1
0 23 40 21 21 37 19 1
0 35 41 33 31 38 31 1
0 12 38 32 12 35 30 1
0 21 42 26 19 24 24 1
0 37 39 14 34 36 14 1
0 19 43 17 17 17 17 1
0 2 1 4 2 1 4 1
0 4 3 20 4 3 18 1
0 9 8 27 9 8 25 1
0 31 29 25 29 27 23 1
"L foot" 0 0
22
0 0.920000 -0.780000 -0.090000 0.673828 0.701172 11
0 0.990000 -0.730000 -1.250000 0.583984 0.697266 11
0 0.970000 -1.440000 -1.260000 0.580078 0.744141 11
0 0.590000 -0.790000 0.840000 0.744141 0.701172 11
0 -0.570000 -0.790000 0.840000 0.744141 0.701172 11
0 -0.550000 -3.820000 0.640000 0.728516 0.626953 13
0 0.500000 -0.210000 -1.480000 0.564453 0.662109 11
0 0.430000 -3.670000 -0.650000 0.626953 0.626953 13
0 0.470000 -1.420000 0.780000 0.740234 0.744141 11
0 -0.330000 -1.420000 0.780000 0.740234 0.744141 11
0 -0.790000 -0.760000 -0.140000 0.669922 0.701172 11
0 0.490000 -3.820000 0.640000 0.728516 0.626953 13
0 -0.840000 -1.440000 -1.260000 0.580078 0.744141 11
0 -0.570000 -0.100000 -2.150000 0.513672 0.658203 11
0 -0.510000 -1.170000 -2.270000 0.505859 0.744141 11
0 0.660000 -0.100000 -2.150000 0.513672 0.658203 11
0 0.690000 -1.170000 -2.270000 0.505859 0.744141 11
0 -0.510000 -1.170000 -2.270000 0.505859 0.728516 11
0 -0.870000 -0.730000 -1.250000 0.583984 0.697266 11
0 -0.410000 -0.210000 -1.480000 0.564453 0.662109 11
0 -0.540000 -3.670000 -0.650000 0.626953 0.626953 13
0 0.690000 -1.170000 -2.270000 0.505859 0.728516 11
22
0.211995 0.524755 -0.824433
-0.706659 -0.550355 -0.444682
-0.749722 0.641281 0.163326
0.087026 0.994362 0.060582
-0.171118 0.982594 0.072302
-0.665908 -0.079380 0.741799
-0.089567 -0.694181 -0.714206
0.719384 -0.264453 -0.642301
-0.514004 0.737202 -0.438558
0.512752 0.524177 -0.679944
-0.235151 0.891965 -0.386137
0.829703 -0.117893 0.545613
0.742928 0.659462 0.114750
0.656190 -0.704428 0.270549
0.379785 -0.082041 0.921430
-0.655490 -0.507518 0.559248
-0.609045 -0.105240 0.786122
0.000000 0.966076 0.258259
0.728904 -0.498597 -0.469148
0.134137 -0.666576 -0.733269
-0.597905 -0.233519 -0.766798
0.000000 0.966076 0.258259
34
0 0 1 2 0 1 2 1
0 3 4 5 3 4 5 1
0 6 1 7 6 1 7 1
0 8 9 3 8 9 3 1
0 10 4 9 10 4 9 1
0 5 11 3 5 11 3 1
0 9 8 12 9 8 12 1
0 13 14 15 13 14 15 1
0 15 16 2 15 16 2 1
0 2 1 15 2 1 15 1
0 15 6 13 15 6 13 1
0 12 14 13 12 14 13 1
0 12 2 17 12 2 17 1
0 13 18 12 13 18 12 1
0 19 18 13 19 18 13 1
0 10 18 20 10 18 20 1
0 0 3 11 0 3 11 1
0 12 18 10 12 18 10 1
0 15 1 6 15 1 6 1
0 20 18 19 20 18 19 1
0 5 4 10 5 4 10 1
0 8 3 0 8 3 0 1
0 0 2 8 0 2 8 1
0 9 12 10 9 12 10 1
0 20 5 10 20 5 10 1
0 7 1 0 7 1 0 1
0 0 11 7 0 11 7 1
0 19 6 20 19 6 20 1
0 3 9 4 3 9 4 1
0 12 8 2 12 8 2 1
0 15 14 16 15 14 16 1
0 13 6 19 13 6 19 1
0 17 2 21 17 2 21 1
0 20 6 7 20 6 7 1
"Torso" 0 0
57
0 -1.220000 0.080000 0.600000 0.529297 0.994141 2
0 -1.480000 0.080000 0.000000 0.505859 0.994141 2
0 -1.400000 1.130000 -0.080000 0.505859 0.923828 0
0 -1.060000 1.050000 -0.890000 0.287109 0.173828 0
0 -1.090000 -0.000000 -0.810000 0.287109 0.244141 2
0 0.000000 -0.060000 -1.150000 0.376953 0.244141 2
0 -1.420000 2.140000 -0.060000 0.255859 0.103516 0
0 -1.400000 1.130000 -0.080000 0.255859 0.169922 0
0 1.090000 2.450000 -1.010000 0.462891 0.083984 0
0 0.000000 2.690000 -1.240000 0.376953 0.068359 0
0 0.000000 2.050000 -1.280000 0.376953 0.111328 0
0 0.000000 1.020000 -1.180000 0.376953 0.177734 0
0 1.070000 1.050000 -0.890000 0.462891 0.173828 0
0 1.400000 2.610000 -0.640000 0.490234 0.076172 0
0 1.080000 2.050000 -0.940000 0.462891 0.111328 0
0 1.430000 2.140000 -0.060000 0.494141 0.103516 0
0 1.100000 -0.000000 -0.860000 0.462891 0.244141 2
0 1.490000 0.080000 0.000000 0.494141 0.244141 2
0 -1.030000 2.450000 -1.010000 0.291016 0.083984 0
0 -1.020000 2.050000 -0.940000 0.291016 0.111328 0
0 -1.390000 2.610000 -0.640000 0.259766 0.076172 0
0 1.380000 2.670000 0.500000 0.513672 0.822266 0
0 1.430000 2.140000 -0.060000 0.505859 0.857422 0
0 1.390000 1.170000 -0.080000 0.505859 0.923828 0
0 -1.180000 3.510000 -0.500000 0.279297 0.017578 0
0 -0.660000 3.410000 -0.950000 0.318359 0.025391 0
0 1.190000 3.510000 -0.500000 0.470703 0.017578 0
0 -0.910000 3.730000 -0.350000 0.298828 0.005859 0
0 0.000000 2.630000 0.980000 0.623047 0.826172 0
0 1.200000 3.530000 0.440000 0.525391 0.767578 0
0 -1.370000 2.670000 0.500000 0.513672 0.822266 0
0 -1.190000 3.530000 0.440000 0.525391 0.767578 0
0 1.050000 1.240000 0.490000 0.529297 0.919922 0
0 -1.040000 1.210000 0.490000 0.529297 0.919922 0
0 0.670000 3.410000 -0.950000 0.431641 0.025391 0
0 0.920000 3.730000 -0.350000 0.451172 0.005859 0
0 -1.480000 0.080000 0.000000 0.255859 0.244141 2
0 1.390000 1.170000 -0.080000 0.494141 0.166016 0
0 0.000000 1.320000 0.790000 0.623047 0.912109 0
0 0.000000 0.060000 0.920000 0.623047 0.994141 2
0 1.220000 0.080000 0.600000 0.529297 0.994141 2
0 1.490000 0.080000 0.000000 0.505859 0.994141 2
0 -1.420000 2.140000 -0.060000 0.505859 0.857422 0
0 0.000000 3.310000 -1.200000 0.376953 0.029297 0
0 0.920000 3.730000 -0.350000 0.376953 0.607422 0
0 1.190000 3.510000 -0.500000 0.494141 0.623047 0
0 1.200000 3.530000 0.440000 0.494141 0.505859 0
0 -1.190000 3.530000 0.440000 0.494141 0.505859 0
0 -1.180000 3.510000 -0.500000 0.494141 0.623047 0
0 -0.910000 3.730000 -0.350000 0.376953 0.607422 0
0 0.940000 3.730000 0.440000 0.548828 0.755859 0
0 0.760000 3.680000 0.990000 0.564453 0.755859 0
0 0.000000 3.380000 1.480000 0.623047 0.775391 0
0 -0.930000 3.730000 0.440000 0.548828 0.755859 0
0 -0.750000 3.680000 0.990000 0.564453 0.755859 0
0 -0.930000 3.730000 0.440000 0.380859 0.505859 0
0 0.940000 3.730000 0.440000 0.380859 0.505859 0
55
0.625723 -0.141976 -0.767016
0.912985 -0.099690 -0.395627
0.916576 -0.018675 -0.399424
0.660813 0.024855 0.750139
0.654868 0.038789 0.754747
0.012148 0.035792 0.999285
0.911803 0.126537 0.390644
0.921436 -0.014874 0.388245
-0.466959 -0.089072 0.879782
0.006208 -0.063379 0.997970
0.006043 0.064450 0.997903
0.001195 0.062232 0.998061
-0.665004 0.024761 0.746429
-0.823800 0.068837 0.562685
-0.700256 0.155811 0.696681
-0.925980 0.133007 0.353370
-0.645260 0.003391 0.763956
-0.918285 -0.035825 0.394296
0.456916 -0.080323 0.885876
0.679423 0.152412 0.717743
0.785051 0.088485 0.613079
-0.698485 0.053319 -0.713636
-0.990606 0.043523 -0.129638
-0.918090 -0.011703 -0.396200
0.541622 -0.456137 0.706105
0.439797 -0.434636 0.785920
-0.554634 -0.466740 0.688865
0.324884 -0.771599 0.546888
0.001277 0.174789 -0.984605
-0.268905 -0.205989 -0.940882
0.697690 0.044863 -0.714993
0.270359 -0.206709 -0.940307
-0.553049 0.024538 -0.832787
0.546581 0.018718 -0.837197
-0.433090 -0.447817 0.782236
-0.324884 -0.771599 0.546888
0.911080 -0.016560 0.411896
-0.929296 -0.013282 0.369097
0.000873 -0.033304 -0.999445
0.000000 -0.102618 -0.994721
-0.626052 -0.140680 -0.766986
-0.906077 -0.113037 -0.407735
0.993757 0.021845 -0.109403
0.004992 -0.131696 0.991278
-0.616701 -0.786960 0.019347
-0.623705 -0.781314 0.023259
0.616701 -0.786960 0.019347
0.623705 -0.781314 0.023259
-0.647908 0.191777 -0.737182
-0.721222 0.526317 -0.450366
0.003191 0.554697 -0.832046
0.649602 0.187513 -0.736788
0.725003 0.522137 -0.449159
0.609638 -0.792530 0.015434
-0.609638 -0.792530 0.015434
62
0 0 1 2 0 1 2 1
0 3 4 5 3 4 5 1
0 3 6 7 3 6 7 1
0 8 9 10 8 9 10 1
0 10 11 12 10 11 12 1
0 13 8 14 13 8 14 1
0 15 13 14 15 13 14 1
0 14 12 15 14 12 15 1
0 5 16 12 5 16 12 1
0 12 16 17 12 16 17 1
0 18 19 10 18 19 10 1
0 3 11 10 3 11 10 1
0 20 19 18 20 19 18 1
0 19 20 6 19 20 6 1
0 21 22 23 21 22 23 1
0 24 20 18 24 20 18 1
0 25 24 18 25 24 18 1
0 8 13 26 8 13 26 1
0 27 24 25 27 24 25 1
0 21 28 29 21 28 29 1
0 30 31 28 30 31 28 1
0 28 21 32 28 21 32 1
0 33 30 28 33 30 28 1
0 34 26 35 34 26 35 1
0 6 3 19 6 3 19 1
0 36 4 3 36 4 3 1
0 37 15 12 37 15 12 1
0 38 39 0 38 39 0 1
0 40 39 38 40 39 38 1
0 23 41 40 23 41 40 1
0 12 17 37 12 17 37 1
0 7 36 3 7 36 3 1
0 2 42 30 2 42 30 1
0 43 9 8 43 9 8 1
0 44 45 46 44 45 44 1
0 10 9 18 10 9 18 1
0 10 14 8 10 14 8 1
0 47 48 49 46 47 46 1
0 50 28 51 48 28 49 1
0 51 28 52 49 28 50 1
0 18 9 43 18 9 43 1
0 28 31 53 28 31 51 1
0 54 28 53 52 28 51 1
0 55 47 49 53 46 46 1
0 52 28 54 50 28 52 1
0 50 29 28 48 29 28 1
0 44 46 56 44 44 54 1
0 32 38 28 32 38 28 1
0 28 38 33 28 38 33 1
0 38 32 40 38 32 40 1
0 0 33 38 0 33 38 1
0 40 32 23 40 32 23 1
0 23 32 21 23 32 21 1
0 30 33 2 30 33 2 1
0 2 33 0 2 33 0 1
0 18 43 25 18 43 25 1
0 34 43 8 34 43 8 1
0 8 26 34 8 26 34 1
0 12 14 10 12 14 10 1
0 10 19 3 10 19 3 1
0 5 11 3 5 11 3 1
0 12 11 5 12 11 5 1
"R upper arm" 0 0
18
0 -0.520000 0.050000 -0.440000 0.314453 0.509766 8
0 -0.530000 0.040000 0.500000 0.373047 0.509766 8
0 -0.220000 -2.040000 -0.400000 0.314453 0.673828 8
0 -1.390000 2.610000 -0.640000 0.267578 0.509766 0
0 -1.180000 3.510000 -0.500000 0.314453 0.505859 0
0 -1.420000 2.140000 -0.060000 0.255859 0.509766 0
0 0.420000 -0.800000 -0.470000 0.267578 0.583984 8
0 -1.190000 3.530000 0.440000 0.373047 0.505859 0
0 -1.370000 2.670000 0.500000 0.298828 0.509766 0
0 0.410000 -0.800000 0.570000 0.291016 0.583984 8
0 0.550000 -2.040000 -0.370000 0.255859 0.673828 8
0 -0.270000 -3.020000 -0.470000 0.314453 0.744141 8
0 0.650000 -3.020000 -0.470000 0.255859 0.744141 8
0 0.640000 -3.040000 0.630000 0.267578 0.744141 8
0 -0.280000 -3.040000 0.630000 0.373047 0.744141 8
0 0.570000 -2.040000 0.520000 0.275391 0.673828 8
0 0.680000 -0.740000 0.030000 0.255859 0.576172 8
0 -0.220000 -2.040000 0.510000 0.373047 0.673828 8
18
0.938031 0.192402 0.288234
0.945889 0.160989 -0.281738
0.594287 0.033297 0.803563
-0.539237 -0.510102 -0.670089
0.819740 0.146693 -0.553631
-0.848211 -0.529329 0.018658
-0.533443 -0.187036 0.824898
0.886875 0.175675 0.427306
-0.714504 -0.412306 0.565232
-0.529243 -0.228768 -0.817048
-0.845386 -0.034084 0.533067
0.890255 -0.080752 0.448247
-0.459196 -0.123064 0.879770
-0.889987 -0.123783 -0.438864
0.451139 -0.128609 -0.883139
-0.642397 -0.058085 -0.764168
-0.966486 -0.256423 0.012340
0.719941 -0.007732 -0.693992
27
0 0 1 2 0 1 2 1
0 3 4 0 3 4 0 1
0 5 3 6 5 3 6 1
0 1 0 7 1 0 7 1
0 1 8 9 1 8 9 1
0 2 10 6 2 10 6 1
0 11 12 2 11 12 2 1
0 7 8 1 7 8 1 1
0 13 14 15 13 14 15 1
0 16 6 10 16 6 10 1
0 14 11 17 14 11 17 1
0 12 13 10 12 13 10 1
0 9 15 17 9 15 17 1
0 9 8 5 9 8 5 1
0 6 3 0 6 3 0 1
0 15 9 16 15 9 16 1
0 16 10 15 16 10 15 1
0 6 0 2 6 0 2 1
0 17 1 9 17 1 9 1
0 5 16 9 5 16 9 1
0 6 16 5 6 16 5 1
0 2 1 17 2 1 17 1
0 7 0 4 7 0 4 1
0 2 12 10 2 12 10 1
0 15 14 17 15 14 17 1
0 17 11 2 17 11 2 1
0 10 13 15 10 13 15 1
"R lower arm" 0 0
21
0 0.610000 -0.540000 -0.550000 0.373047 0.412109 3
0 0.610000 -2.140000 -0.720000 0.373047 0.494141 3
0 0.970000 -2.140000 0.090000 0.373047 0.494141 3
0 -0.680000 -2.140000 0.100000 0.255859 0.494141 3
0 -0.430000 -2.140000 -0.700000 0.255859 0.494141 3
0 -0.430000 -0.540000 -0.540000 0.255859 0.412109 3
0 0.610000 -2.140000 0.850000 0.373047 0.494141 3
0 -0.420000 -2.140000 0.870000 0.255859 0.494141 3
0 0.610000 -0.540000 0.670000 0.373047 0.412109 3
0 0.080000 -1.790000 0.090000 0.431641 0.431641 3
0 -0.680000 -2.140000 0.100000 0.376953 0.431641 3
0 -0.420000 -2.140000 0.870000 0.392578 0.376953 3
0 -0.270000 -3.020000 -0.470000 0.255859 0.376953 8
0 -0.280000 -3.040000 0.630000 0.255859 0.376953 8
0 0.640000 -3.040000 0.630000 0.373047 0.376953 8
0 0.650000 -3.020000 -0.470000 0.373047 0.376953 8
0 -0.420000 -0.540000 0.680000 0.255859 0.412109 3
0 0.970000 -2.140000 0.090000 0.494141 0.435547 3
0 0.610000 -2.140000 -0.720000 0.470703 0.494141 3
0 0.610000 -2.140000 0.850000 0.470703 0.376953 3
0 -0.430000 -2.140000 -0.700000 0.392578 0.494141 3
21
-0.773731 -0.359881 -0.521370
-0.344738 -0.096781 0.933696
-0.993831 -0.110635 -0.007773
0.996919 -0.077767 -0.010230
0.599449 -0.079644 0.796441
-0.025666 -0.390317 0.920322
-0.541852 -0.093961 -0.835205
0.367643 -0.107210 -0.923767
0.068606 -0.325710 -0.942977
-0.019533 0.999792 0.005920
-0.418244 0.908323 0.004695
-0.209038 0.935253 0.285665
-0.447584 -0.055835 -0.892497
-0.892678 -0.062876 0.446287
0.449062 -0.010693 0.893437
0.896122 -0.001985 -0.443804
0.761077 -0.329609 0.558677
0.365970 0.930612 0.005204
0.181205 0.940398 -0.287777
0.188689 0.935358 0.299170
-0.218606 0.936606 -0.273826
24
0 0 1 2 0 1 2 1
0 3 4 5 3 4 5 1
0 6 7 8 6 7 8 1
0 9 10 11 9 10 11 1
0 12 13 5 12 13 5 1
0 4 1 5 4 1 5 1
0 14 15 8 14 15 8 1
0 13 14 16 13 14 16 1
0 15 12 0 15 12 0 1
0 16 7 3 16 7 3 1
0 3 5 16 3 5 16 1
0 2 6 8 2 6 8 1
0 8 0 2 8 0 2 1
0 9 17 18 9 17 18 1
0 19 17 9 19 17 9 1
0 20 10 9 20 10 9 1
0 9 11 19 9 11 19 1
0 9 18 20 9 18 20 1
0 8 7 16 8 7 16 1
0 5 13 16 5 13 16 1
0 5 1 0 5 1 0 1
0 8 15 0 8 15 0 1
0 16 14 8 16 14 8 1
0 0 12 5 0 12 5 1
"L upper arm" 0 0
18
0 0.230000 -2.040000 -0.400000 0.314453 0.673828 15
0 0.230000 -2.040000 0.510000 0.373047 0.673828 15
0 0.530000 0.050000 -0.440000 0.314453 0.509766 15
0 1.190000 3.510000 -0.500000 0.314453 0.505859 0
0 1.400000 2.610000 -0.640000 0.267578 0.509766 0
0 -0.410000 -0.800000 -0.470000 0.267578 0.583984 15
0 1.420000 2.140000 -0.060000 0.255859 0.509766 0
0 1.200000 3.530000 0.440000 0.373047 0.505859 0
0 0.540000 0.040000 0.500000 0.373047 0.509766 15
0 -0.400000 -0.800000 0.570000 0.291016 0.583984 15
0 1.380000 2.670000 0.500000 0.298828 0.509766 0
0 -0.540000 -2.040000 -0.370000 0.255859 0.673828 15
0 0.280000 -3.020000 -0.470000 0.314453 0.744141 15
0 -0.560000 -2.040000 0.520000 0.275391 0.673828 15
0 -0.630000 -3.040000 0.630000 0.267578 0.744141 15
0 -0.670000 -0.740000 0.030000 0.255859 0.576172 15
0 0.290000 -3.040000 0.630000 0.373047 0.744141 15
0 -0.640000 -3.020000 -0.470000 0.255859 0.744141 15
18
-0.702998 0.015390 0.711025
-0.613258 0.010183 -0.789817
-0.940485 0.182324 0.286786
-0.919368 0.168513 -0.355479
0.546056 -0.514366 -0.661249
0.533291 -0.186760 0.825059
0.848595 -0.528710 0.018745
-0.736450 0.150522 0.659534
-0.944078 0.174110 -0.280004
0.529136 -0.228528 -0.817185
0.718282 -0.414527 0.558783
0.644308 -0.035060 0.763962
-0.430533 -0.099702 0.897051
0.846041 -0.053783 -0.530398
0.438332 -0.132885 -0.888935
0.966602 -0.255985 0.012338
-0.892102 -0.103009 -0.439936
0.885701 -0.122828 0.447712
27
0 0 1 2 0 1 2 1
0 2 3 4 2 3 4 1
0 5 4 6 5 4 6 1
0 7 3 8 7 3 8 1
0 9 10 8 9 10 8 1
0 5 11 0 5 11 0 1
0 0 11 12 0 11 12 1
0 8 10 7 8 10 7 1
0 13 1 14 13 1 14 1
0 11 5 15 11 5 15 1
0 1 0 16 1 0 16 1
0 11 13 17 11 13 17 1
0 1 13 9 1 13 9 1
0 6 10 9 6 10 9 1
0 2 4 5 2 4 5 1
0 15 9 13 15 9 13 1
0 13 11 15 13 11 15 1
0 0 2 5 0 2 5 1
0 9 8 1 9 8 1 1
0 9 15 6 9 15 6 1
0 6 15 5 6 15 5 1
0 2 1 8 2 1 8 1
0 8 3 2 8 3 2 1
0 12 11 17 12 11 17 1
0 14 1 16 14 1 16 1
0 16 0 12 16 0 12 1
0 17 13 14 17 13 14 1
"L lower arm" 0 0
21
0 -0.950000 -2.140000 0.090000 0.373047 0.494141 10
0 -0.600000 -2.140000 -0.710000 0.373047 0.494141 10
0 -0.600000 -0.540000 -0.540000 0.373047 0.412109 10
0 0.430000 -0.540000 -0.540000 0.255859 0.412109 10
0 0.430000 -2.140000 -0.710000 0.255859 0.494141 10
0 0.690000 -2.140000 0.090000 0.255859 0.494141 10
0 -0.600000 -0.540000 0.670000 0.373047 0.412109 10
0 0.440000 -0.540000 0.670000 0.255859 0.412109 10
0 -0.600000 -2.140000 0.860000 0.373047 0.494141 10
0 -0.040000 -1.790000 0.090000 0.443359 0.431641 10
0 -0.950000 -2.140000 0.090000 0.376953 0.431641 10
0 -0.600000 -2.140000 0.860000 0.400391 0.376953 10
0 0.280000 -3.020000 -0.470000 0.255859 0.376953 15
0 -0.630000 -3.040000 0.630000 0.373047 0.376953 15
0 0.290000 -3.040000 0.630000 0.255859 0.376953 15
0 -0.640000 -3.020000 -0.470000 0.373047 0.376953 15
0 0.440000 -2.140000 0.860000 0.255859 0.494141 10
0 0.690000 -2.140000 0.090000 0.494141 0.435547 10
0 0.430000 -2.140000 -0.710000 0.478516 0.494141 10
0 0.440000 -2.140000 0.860000 0.478516 0.376953 10
0 -0.600000 -2.140000 -0.710000 0.400391 0.494141 10
21
0.994103 -0.108344 -0.004559
0.546484 -0.088483 0.832782
-0.072699 -0.316033 0.945959
-0.757835 -0.332876 -0.561142
-0.380433 -0.097711 0.919632
-0.996929 -0.078251 0.002927
0.777846 -0.351687 0.520837
0.040928 -0.397568 -0.916660
0.352207 -0.110365 -0.929392
0.026995 0.999630 0.003433
-0.358977 0.933342 0.002983
-0.181498 0.938263 0.294483
0.888862 -0.066159 -0.453373
-0.892726 0.005526 0.450566
0.448084 -0.041152 0.893044
-0.448911 -0.017988 -0.893396
-0.587040 -0.095464 -0.803909
0.432328 0.901716 -0.000069
0.221150 0.934504 -0.278919
0.221355 0.932369 0.285815
-0.181591 0.941264 -0.284688
24
0 0 1 2 0 1 2 1
0 3 4 5 3 4 5 1
0 6 7 8 6 7 8 1
0 9 10 11 9 10 11 1
0 3 7 12 3 7 12 1
0 3 2 4 3 2 4 1
0 6 2 13 6 2 13 1
0 7 6 14 7 6 14 1
0 2 3 15 2 3 15 1
0 5 16 7 5 16 7 1
0 7 3 5 7 3 5 1
0 6 8 0 6 8 0 1
0 0 2 6 0 2 6 1
0 9 17 18 9 17 18 1
0 19 17 9 19 17 9 1
0 11 19 9 11 19 9 1
0 20 10 9 20 10 9 1
0 18 20 9 18 20 9 1
0 8 7 16 8 7 16 1
0 12 7 14 12 7 14 1
0 4 2 1 4 2 1 1
0 13 2 15 13 2 15 1
0 14 6 13 14 6 13 1
0 15 3 12 15 3 12 1
"Neck" 0 0
36
0 -0.510000 0.630000 -0.020000 0.396484 0.439453 9
0 0.000000 0.690000 0.480000 0.435547 0.416016 9
0 0.000000 0.830000 1.260000 0.435547 0.376953 9
0 0.520000 0.630000 -0.020000 0.474609 0.439453 9
0 0.710000 0.780000 -0.920000 0.490234 0.482422 9
0 0.810000 0.980000 0.660000 0.494141 0.404297 9
0 -0.700000 0.780000 -0.920000 0.380859 0.482422 9
0 0.000000 0.710000 -1.170000 0.435547 0.494141 9
0 0.000000 0.610000 -0.530000 0.435547 0.466797 9
0 -0.910000 3.730000 -0.350000 0.548828 0.494141 0
0 -0.700000 0.780000 -0.920000 0.564453 0.376953 9
0 -0.800000 0.980000 0.660000 0.533203 0.376953 9
0 0.000000 1.560000 0.350000 0.314453 0.876953 9
0 0.460000 1.540000 -0.030000 0.369141 0.876953 9
0 0.000000 0.690000 0.480000 0.314453 0.974609 9
0 0.670000 3.410000 -0.950000 0.677734 0.494141 0
0 0.920000 3.730000 -0.350000 0.701172 0.494141 0
0 0.710000 0.780000 -0.920000 0.685547 0.376953 9
0 0.000000 3.310000 -1.200000 0.626953 0.494141 0
0 0.000000 0.710000 -1.170000 0.626953 0.376953 9
0 0.810000 0.980000 0.660000 0.708984 0.376953 9
0 -0.660000 3.410000 -0.950000 0.572266 0.494141 0
0 0.000000 1.500000 -0.460000 0.314453 0.884766 9
0 0.520000 0.630000 -0.020000 0.373047 0.986328 9
0 -0.800000 0.980000 0.660000 0.376953 0.404297 9
0 -0.450000 1.540000 -0.030000 0.259766 0.876953 9
0 0.000000 0.610000 -0.530000 0.314453 0.994141 9
0 -0.510000 0.630000 -0.020000 0.255859 0.986328 9
0 -0.750000 3.680000 0.990000 0.529297 0.494141 0
0 -0.930000 3.730000 0.440000 0.541016 0.494141 0
0 0.940000 3.730000 0.440000 0.701172 0.494141 0
0 0.760000 3.680000 0.990000 0.720703 0.494141 0
0 0.000000 0.830000 1.260000 0.505859 0.376953 9
0 0.000000 3.380000 1.480000 0.744141 0.494141 0
0 0.000000 0.830000 1.260000 0.744141 0.376953 9
0 0.000000 3.380000 1.480000 0.505859 0.494141 0
36
-0.352660 -0.930407 0.099865
-0.000550 -0.984271 0.176664
-0.001129 -0.969994 0.243126
0.350940 -0.931020 0.100213
0.366485 -0.926569 -0.084612
0.570183 -0.803636 0.170470
-0.367995 -0.925994 -0.084351
-0.001059 -0.988011 -0.154377
-0.001186 -0.989839 -0.142190
-0.986715 -0.033792 -0.158908
-0.747189 -0.019098 -0.664338
-0.959719 -0.058041 0.274900
0.302414 -0.114693 -0.946251
-0.932990 -0.094912 -0.347163
-0.274577 -0.119257 -0.954141
0.692228 0.002323 -0.721675
0.986715 -0.033792 -0.158908
0.745603 -0.019154 -0.666115
-0.002357 -0.008582 -0.999960
-0.002240 -0.011503 -0.999931
0.959354 -0.058239 0.276131
-0.694012 0.002370 -0.719960
-0.303033 -0.065705 0.950712
-0.941350 -0.066589 0.330797
-0.571584 -0.802853 0.169469
0.947828 -0.068198 0.311402
0.307422 -0.067193 0.949198
0.934387 -0.088659 -0.345051
-0.740358 -0.061488 0.669394
-0.988933 -0.035228 0.144118
0.988933 -0.035228 0.144118
0.737570 -0.061829 0.672435
-0.586889 -0.078128 0.805889
0.560238 -0.071245 0.825262
0.581966 -0.078540 0.809412
-0.565331 -0.070946 0.821808
34
0 0 1 2 0 1 2 1
0 3 4 5 3 4 5 1
0 6 7 8 6 7 8 1
0 9 10 11 9 10 11 1
0 12 13 14 12 13 14 1
0 15 16 17 15 16 17 1
0 18 19 10 18 19 10 1
0 20 17 16 20 17 16 1
0 10 9 21 10 9 21 1
0 17 19 18 17 19 18 1
0 8 7 4 8 7 4 1
0 13 22 23 13 22 23 1
0 24 6 0 24 6 0 1
0 4 3 8 4 3 8 1
0 8 0 6 8 0 6 1
0 22 25 26 22 25 26 1
0 25 12 27 25 12 27 1
0 17 18 15 17 18 15 1
0 21 18 10 21 18 10 1
0 11 28 29 11 28 29 1
0 30 31 20 30 31 20 1
0 2 1 3 2 1 3 1
0 29 9 11 29 9 11 1
0 20 16 30 20 16 30 1
0 28 11 32 28 11 32 1
0 31 33 34 31 33 34 1
0 34 20 31 34 20 31 1
0 32 35 28 32 35 28 1
0 3 5 2 3 5 2 1
0 2 24 0 2 24 0 1
0 14 13 23 14 13 23 1
0 23 22 26 23 22 26 1
0 26 25 27 26 25 27 1
0 27 12 14 27 12 14 1
"Head" 0 0
27
0 1.900000 1.560000 2.130000 0.373047 0.810547 1
0 -0.050000 1.450000 0.840000 0.322266 0.814453 1
0 1.130000 2.010000 1.190000 0.337891 0.794922 1
0 0.870000 2.460000 0.220000 0.298828 0.779297 1
0 0.650000 1.750000 -0.600000 0.267578 0.802734 1
0 0.790000 1.000000 -0.240000 0.283203 0.826172 1
0 1.250000 2.840000 1.690000 0.357422 0.767578 1
0 0.140000 3.280000 1.020000 0.330078 0.755859 1
0 0.000000 2.460000 -0.450000 0.275391 0.779297 1
0 -0.640000 1.750000 -0.600000 0.267578 0.802734 1
0 0.000000 1.880000 -1.010000 0.255859 0.798828 1
0 -0.770000 3.110000 0.970000 0.330078 0.759766 1
0 -0.860000 2.400000 0.000000 0.291016 0.783203 1
0 0.100000 0.420000 1.210000 0.337891 0.845703 1
0 1.180000 0.750000 1.260000 0.337891 0.833984 1
0 -1.270000 1.540000 0.980000 0.330078 0.810547 1
0 -0.780000 1.000000 -0.240000 0.283203 0.826172 1
0 -1.730000 2.280000 1.720000 0.357422 0.787109 1
0 -1.850000 0.850000 2.210000 0.373047 0.830078 1
0 -0.990000 0.340000 1.270000 0.341797 0.849609 1
0 -0.740000 0.530000 -0.100000 0.287109 0.841797 1
0 0.750000 0.520000 -0.100000 0.287109 0.841797 1
0 0.620000 0.150000 -0.110000 0.287109 0.853516 1
0 0.000000 0.000000 0.070000 0.294922 0.857422 1
0 -0.610000 0.150000 -0.110000 0.287109 0.853516 1
0 1.760000 0.100000 1.990000 0.365234 0.857422 1
0 -0.970000 -0.470000 2.040000 0.369141 0.873047 1
27
-0.959162 0.100539 -0.264386
0.095686 -0.193094 -0.976503
-0.806574 -0.283715 -0.518599
-0.807478 -0.558472 0.189969
-0.608134 -0.565719 0.556897
-0.941585 -0.055004 0.332254
-0.941178 -0.148913 -0.303329
-0.264199 -0.940016 0.215798
0.012506 -0.840200 0.542132
0.689487 -0.379525 0.616902
0.003413 -0.694590 0.719397
-0.004272 -0.944636 0.328093
0.492536 -0.845284 0.207132
0.007711 0.370233 -0.928907
-0.735472 0.028658 -0.676949
0.999313 -0.009065 -0.035925
0.918687 0.045916 0.392309
0.983767 0.002614 -0.179432
0.979205 0.152198 -0.134138
0.722624 0.189894 -0.664647
0.859200 0.422386 0.288730
-0.895766 0.356615 0.265385
-0.685736 0.720119 0.105808
0.007080 0.938118 -0.346244
0.584566 0.807245 0.081467
-0.700185 0.156576 -0.696581
0.605193 0.565479 -0.560335
42
0 0 1 2 0 1 2 1
0 3 4 5 3 4 5 1
0 6 1 3 6 1 3 1
0 4 3 7 4 3 7 1
0 7 1 8 7 1 8 1
0 9 10 8 9 10 8 1
0 11 1 12 11 1 12 1
0 13 1 14 13 1 14 1
0 15 16 9 15 16 9 1
0 17 1 15 17 1 15 1
0 18 19 20 18 19 20 1
0 18 1 19 18 1 19 1
0 14 21 22 14 21 22 1
0 13 23 24 13 23 24 1
0 19 1 13 19 1 13 1
0 24 20 19 24 20 19 1
0 22 23 13 22 23 13 1
0 2 1 6 2 1 6 1
0 14 1 0 14 1 0 1
0 5 2 6 5 2 6 1
0 3 1 7 3 1 7 1
0 21 14 0 21 14 0 1
0 22 13 25 22 13 25 1
0 24 19 26 24 19 26 1
0 15 1 18 15 1 18 1
0 8 1 11 8 1 11 1
0 12 1 17 12 1 17 1
0 6 3 5 6 3 5 1
0 0 2 5 0 2 5 1
0 8 10 4 8 10 4 1
0 4 7 8 4 7 8 1
0 11 12 9 11 12 9 1
0 8 11 9 8 11 9 1
0 9 12 17 9 12 17 1
0 9 17 15 9 17 15 1
0 16 15 18 16 15 18 1
0 20 16 18 20 16 18 1
0 0 5 21 0 5 21 1
0 25 14 22 25 14 22 1
0 26 13 24 26 13 24 1
0 13 26 19 13 26 19 1
0 14 25 13 14 25 13 1
"Face" 1 1
34
0 -0.610000 0.150000 -0.110000 0.726564 0.789064 1
0 -0.280000 -0.200000 -0.780000 0.367188 0.945312 1
0 -0.680000 0.490000 -0.400000 0.617188 0.632812 1
0 0.000000 -0.310000 -0.810000 0.023436 0.976564 1
0 0.000000 0.000000 0.070000 0.976564 0.867188 1
0 0.690000 0.490000 -0.400000 0.617188 0.632812 1
0 0.540000 0.460000 -0.940000 0.367188 0.632812 1
0 0.280000 -0.120000 -0.910000 0.273436 0.898436 1
0 -0.900000 0.880000 -0.020000 0.695312 0.476564 1
0 -0.780000 1.000000 -0.240000 0.664064 0.414064 1
0 0.000000 1.150000 -1.300000 0.023436 0.335936 1
0 0.000000 0.850000 -1.230000 0.023436 0.460936 1
0 0.620000 0.830000 -0.870000 0.414064 0.476564 1
0 -0.610000 0.830000 -0.870000 0.414064 0.476564 1
0 0.910000 0.870000 -0.030000 0.695312 0.476564 1
0 0.790000 1.000000 -0.240000 0.664064 0.414064 1
0 -0.600000 1.150000 -0.930000 0.398436 0.335936 1
0 0.610000 1.150000 -0.930000 0.398436 0.335936 1
0 -0.160000 0.440000 -1.170000 0.117188 0.648436 1
0 -0.480000 0.460000 -0.940000 0.351564 0.632812 1
0 -0.270000 -0.120000 -0.910000 0.273436 0.898436 1
0 0.000000 0.580000 -1.440000 0.023436 0.570312 1
0 0.170000 0.440000 -1.170000 0.117188 0.648436 1
0 0.000000 0.430000 -1.430000 0.023436 0.632812 1
0 0.000000 0.360000 -1.270000 0.023436 0.679688 1
0 0.000000 -0.240000 -0.960000 0.023436 0.945312 1
0 0.290000 -0.200000 -0.780000 0.367188 0.945312 1
0 0.620000 0.150000 -0.110000 0.726564 0.789064 1
0 0.650000 1.750000 -0.600000 0.570312 0.085936 1
0 0.000000 1.880000 -1.010000 0.023436 0.023436 1
0 -0.640000 1.750000 -0.600000 0.570312 0.085936 1
0 -0.740000 0.530000 -0.100000 0.710936 0.632812 1
0 0.750000 0.520000 -0.100000 0.710936 0.632812 1
0 0.000000 0.000000 0.070000 0.695312 0.867188 1
34
0.700620 0.710149 -0.069428
0.646867 0.721695 0.246413
0.921585 0.276348 0.272603
0.005048 0.995987 -0.089351
0.313356 0.895685 -0.315525
-0.926656 0.273131 0.258277
-0.739442 0.151611 0.655927
-0.657490 0.468738 0.589908
0.983890 0.169786 0.055977
0.975990 -0.048161 0.212424
0.003744 -0.111814 0.993722
0.013217 -0.074164 0.997158
-0.794874 0.104964 0.597627
0.785233 0.134784 0.604353
-0.985351 0.161061 0.056055
-0.976847 -0.050550 0.207883
0.808219 -0.083776 0.582892
-0.806159 -0.084212 0.585676
0.691550 0.211265 0.690743
0.736623 0.160727 0.656927
0.670000 0.442290 0.596221
0.014212 -0.273996 0.961626
-0.663757 0.220497 0.714708
0.016217 0.674674 0.737938
0.015250 0.733689 0.679315
0.008337 0.681929 0.731371
-0.641253 0.726566 0.246772
-0.696397 0.714342 -0.068897
-0.713854 -0.276930 0.643212
0.003575 -0.369192 0.929346
0.717279 -0.275354 0.640071
0.887224 0.394388 -0.239356
-0.887063 0.393940 -0.240688
-0.308788 0.897095 -0.316022
54
0 0 1 2 0 1 2 1
0 3 0 4 3 0 4 1
0 5 6 7 5 6 7 1
0 8 2 9 8 2 9 1
0 10 11 12 10 11 12 1
0 13 11 10 13 11 10 1
0 14 15 5 14 15 5 1
0 13 10 16 13 10 16 1
0 9 2 13 9 2 13 1
0 12 17 10 12 17 10 1
0 18 19 20 18 19 20 1
0 11 21 22 11 21 22 1
0 22 23 24 22 23 24 1
0 23 18 24 23 18 24 1
0 22 24 25 22 24 25 1
0 26 25 3 26 25 3 1
0 3 1 0 3 1 0 1
0 2 1 20 2 1 20 1
0 5 26 27 5 26 27 1
0 7 26 5 7 26 5 1
0 28 29 10 28 29 10 1
0 10 29 30 10 29 30 1
0 15 17 12 15 17 12 1
0 21 23 22 21 23 22 1
0 18 23 21 18 23 21 1
0 31 0 2 31 0 2 1
0 3 25 1 3 25 1 1
0 25 7 22 25 7 22 1
0 18 20 25 18 20 25 1
0 20 1 25 20 1 25 1
0 25 26 7 25 26 7 1
0 25 24 18 25 24 18 1
0 7 6 22 7 6 22 1
0 19 18 11 19 18 11 1
0 11 22 6 11 22 6 1
0 18 21 11 18 21 11 1
0 15 28 17 15 28 17 1
0 6 12 11 6 12 11 1
0 11 13 19 11 13 19 1
0 30 16 10 30 16 10 1
0 10 17 28 10 17 28 1
0 16 30 9 16 30 9 1
0 27 26 3 27 26 3 1
0 32 5 27 32 5 27 1
0 20 19 2 20 19 2 1
0 12 6 5 12 6 5 1
0 2 19 13 2 19 13 1
0 12 5 15 12 5 15 1
0 13 16 9 13 16 9 1
0 33 27 3 33 27 3 1
0 14 32 15 14 32 15 1
0 14 5 32 14 5 32 1
0 8 31 2 8 31 2 1
0 8 9 31 8 9 31 1
"R hand" 0 0
37
0 0.470000 -0.640000 -0.680000 0.482422 0.931641 5
0 0.470000 -0.640000 -0.400000 0.494141 0.931641 5
0 0.340000 0.000000 0.320000 0.494141 0.888672 5
0 0.330000 0.000000 -0.420000 0.474609 0.888672 5
0 0.130000 -0.750000 -0.670000 0.439453 0.935547 5
0 -0.180000 0.000000 -0.420000 0.400391 0.888672 5
0 0.030000 -1.290000 0.430000 0.458984 0.970703 5
0 0.310000 -1.560000 0.370000 0.494141 0.990234 5
0 -0.170000 -1.400000 0.430000 0.427734 0.978516 5
0 -0.170000 0.000000 0.320000 0.423828 0.888672 5
0 -0.340000 -0.960000 0.490000 0.404297 0.951172 5
0 0.080000 -1.670000 -0.390000 0.439453 0.994141 5
0 0.090000 -1.670000 0.370000 0.462891 0.994141 5
0 0.300000 -1.560000 -0.390000 0.470703 0.990234 5
0 -0.020000 0.210000 0.000000 0.435547 0.876953 5
0 0.300000 -1.290000 -0.670000 0.462891 0.970703 5
0 0.300000 -1.290000 -0.390000 0.470703 0.970703 5
0 0.470000 -1.290000 -0.680000 0.482422 0.970703 5
0 -0.130000 -0.860000 -0.500000 0.404297 0.943359 5
0 -0.350000 -0.960000 -0.500000 0.376953 0.951172 5
0 0.340000 0.000000 0.320000 0.341797 0.888672 5
0 0.470000 -0.640000 -0.400000 0.275391 0.931641 5
0 0.140000 -0.750000 -0.390000 0.283203 0.935547 5
0 0.470000 -1.290000 -0.400000 0.275391 0.970703 5
0 0.300000 -1.290000 -0.390000 0.279297 0.970703 5
0 -0.180000 -1.400000 -0.440000 0.400391 0.978516 5
0 0.140000 -0.750000 -0.390000 0.447266 0.935547 5
0 0.020000 -1.290000 -0.450000 0.431641 0.970703 5
0 0.470000 -1.290000 -0.400000 0.494141 0.970703 5
0 -0.120000 -0.860000 0.490000 0.435547 0.943359 5
0 -0.120000 -0.860000 0.490000 0.361328 0.943359 5
0 0.020000 -1.290000 -0.450000 0.279297 0.970703 5
0 0.300000 -1.560000 -0.390000 0.279297 0.990234 5
0 0.030000 -1.290000 0.430000 0.353516 0.970703 5
0 0.130000 -0.750000 -0.670000 0.259766 0.935547 5
0 -0.130000 -0.860000 -0.500000 0.279297 0.943359 5
0 0.310000 -1.560000 0.370000 0.345703 0.990234 5
37
-0.777263 -0.217226 0.590487
-0.994984 -0.100032 0.000000
-0.666170 -0.624218 -0.408129
-0.477234 -0.755899 0.448178
0.416587 0.000834 0.909096
0.581864 -0.436409 0.686281
-0.064160 0.123563 -0.990260
-0.252117 0.498345 -0.829511
0.561076 0.429030 -0.707903
0.503458 -0.533406 -0.679712
0.692076 0.012976 -0.721708
0.061615 0.689272 0.721878
0.134868 0.949467 -0.283414
-0.405976 0.811952 0.419426
0.092944 -0.995126 -0.032964
0.725362 0.589873 0.354825
0.387054 0.922057 0.000000
-0.305726 0.676730 0.669752
0.139556 0.023901 0.989926
0.812248 0.163629 0.559891
-0.621456 0.619607 -0.479457
-0.122457 0.249256 -0.960664
-0.478981 0.650928 -0.588956
-0.058722 0.000000 -0.998274
-0.043151 -0.004085 -0.999060
0.531170 0.495536 0.687242
0.956220 0.292153 -0.017026
-0.039130 0.135604 0.989990
-0.894427 0.447214 0.000000
0.010589 -0.088753 -0.995997
-0.906224 0.420530 -0.043732
-0.882264 -0.470657 0.009618
-0.694043 -0.719884 0.008509
-0.796404 -0.604691 0.009475
-0.370352 0.928855 0.008264
-0.913385 0.406993 0.009226
-0.693093 -0.720790 0.009120
46
0 0 1 2 0 1 2 1
0 3 0 2 3 0 2 1
0 4 0 5 4 0 5 1
0 6 7 8 6 7 8 1
0 9 10 5 9 10 5 1
0 11 12 13 11 12 13 1
0 8 10 6 8 10 6 1
0 5 14 9 5 14 9 1
0 15 16 17 15 16 17 1
0 18 5 19 18 5 19 1
0 3 2 14 3 2 14 1
0 2 9 14 2 9 14 1
0 5 3 14 5 3 14 1
0 20 21 22 20 21 22 1
0 23 24 21 23 24 21 1
0 25 19 8 25 19 8 1
0 16 15 26 16 15 26 1
0 25 11 27 25 11 27 1
0 15 17 4 15 17 4 1
0 27 18 25 27 18 25 1
0 18 4 5 18 4 5 1
0 8 12 25 8 12 25 1
0 18 19 25 18 19 25 1
0 1 0 28 1 0 28 1
0 10 9 29 10 9 29 1
0 0 3 5 0 3 5 1
0 30 20 22 30 20 22 1
0 31 32 33 31 32 33 1
0 9 2 29 9 2 29 1
0 22 34 30 22 34 30 1
0 35 31 30 35 31 30 1
0 8 7 12 8 7 12 1
0 5 10 19 5 10 19 1
0 13 12 7 13 12 7 1
0 6 10 29 6 10 29 1
0 17 16 28 17 16 28 1
0 21 24 22 21 24 22 1
0 8 19 10 8 19 10 1
0 26 15 4 26 15 4 1
0 27 11 13 27 11 13 1
0 4 17 0 4 17 0 1
0 25 12 11 25 12 11 1
0 28 0 17 28 0 17 1
0 33 32 36 33 32 36 1
0 30 34 35 30 34 35 1
0 30 31 33 30 31 33 1
"L hand" 0 0
37
0 -0.330000 0.000000 0.320000 0.494141 0.888672 12
0 -0.470000 -0.640000 -0.390000 0.494141 0.931641 12
0 -0.470000 -0.640000 -0.670000 0.482422 0.931641 12
0 -0.330000 0.000000 -0.420000 0.474609 0.888672 12
0 0.180000 0.000000 -0.420000 0.400391 0.888672 12
0 -0.130000 -0.750000 -0.670000 0.439453 0.935547 12
0 0.190000 -1.400000 0.430000 0.427734 0.978516 12
0 -0.070000 -1.670000 0.380000 0.462891 0.994141 12
0 -0.020000 -1.290000 0.430000 0.458984 0.970703 12
0 0.360000 -0.960000 -0.500000 0.376953 0.951172 12
0 0.180000 0.000000 0.320000 0.423828 0.888672 12
0 -0.300000 -1.560000 -0.390000 0.470703 0.990234 12
0 -0.300000 -1.560000 0.380000 0.494141 0.990234 12
0 -0.070000 -1.670000 -0.390000 0.439453 0.994141 12
0 0.130000 -0.860000 0.490000 0.435547 0.943359 12
0 0.030000 0.210000 0.000000 0.435547 0.876953 12
0 -0.470000 -1.290000 -0.670000 0.482422 0.970703 12
0 -0.470000 -1.290000 -0.390000 0.494141 0.970703 12
0 -0.300000 -1.290000 -0.670000 0.462891 0.970703 12
0 0.130000 -0.860000 -0.500000 0.404297 0.943359 12
0 -0.130000 -0.750000 -0.390000 0.283203 0.935547 12
0 -0.470000 -0.640000 -0.390000 0.275391 0.931641 12
0 -0.330000 0.000000 0.320000 0.341797 0.888672 12
0 -0.470000 -1.290000 -0.390000 0.275391 0.970703 12
0 0.360000 -0.960000 0.490000 0.404297 0.951172 12
0 0.190000 -1.400000 -0.450000 0.400391 0.978516 12
0 -0.130000 -0.750000 -0.390000 0.447266 0.935547 12
0 -0.300000 -1.290000 -0.390000 0.470703 0.970703 12
0 -0.020000 -1.290000 -0.450000 0.431641 0.970703 12
0 0.130000 -0.860000 0.490000 0.361328 0.943359 12
0 -0.020000 -1.290000 0.430000 0.353516 0.970703 12
0 -0.300000 -1.560000 0.380000 0.345703 0.990234 12
0 -0.020000 -1.290000 -0.450000 0.279297 0.970703 12
0 0.130000 -0.860000 -0.500000 0.279297 0.943359 12
0 -0.300000 -1.290000 -0.390000 0.279297 0.970703 12
0 -0.300000 -1.560000 -0.390000 0.279297 0.990234 12
0 -0.130000 -0.750000 -0.670000 0.259766 0.935547 12
35
0.662357 -0.625562 -0.412256
0.997433 -0.071601 0.000000
0.578945 -0.216813 0.786012
0.479187 -0.755865 0.446147
-0.458499 -0.449809 0.766453
-0.675007 0.072619 0.734229
-0.516717 0.494244 -0.699090
-0.061401 0.679297 -0.731290
0.061259 0.120503 -0.990821
-0.824209 -0.000489 0.566286
-0.653355 -0.495114 -0.572703
0.242954 0.502302 0.829859
0.391402 0.818386 -0.420772
-0.143719 0.949155 0.280088
0.007496 -0.037974 -0.999251
-0.097069 -0.994770 -0.031778
0.816497 0.408248 0.408248
0.447214 0.894427 0.000000
-0.298645 0.720207 0.626189
-0.131559 0.015541 0.991186
0.414389 0.653330 -0.633594
0.123820 0.382717 -0.915531
0.610702 0.624165 -0.487300
0.000000 0.000000 -1.000000
-0.818122 0.131702 -0.559760
-0.471058 0.381645 0.795268
-0.953849 0.300286 0.000000
-0.766079 0.642746 0.000000
0.062838 0.119963 0.990788
0.904774 0.417476 -0.084251
0.882178 -0.470917 0.000000
0.694136 -0.719844 0.000000
0.796757 -0.604300 0.000000
0.914122 0.405439 0.000000
0.389640 0.920967 0.000000
46
0 0 1 2 0 1 2 1
0 0 2 3 0 2 3 1
0 4 2 5 4 2 5 1
0 6 7 8 6 7 8 1
0 4 9 10 4 9 10 1
0 11 12 13 11 12 13 1
0 8 14 6 8 14 6 1
0 10 15 4 10 15 4 1
0 16 17 18 16 17 18 1
0 9 4 19 9 4 19 1
0 15 0 3 15 0 3 1
0 15 10 0 15 10 0 1
0 15 3 4 15 3 4 1
0 20 21 22 20 21 22 1
0 21 20 23 21 20 23 1
0 6 24 25 6 24 25 1
0 26 5 27 26 5 27 1
0 28 11 25 28 11 25 1
0 5 2 18 5 2 18 1
0 25 19 28 25 19 28 1
0 4 5 19 4 5 19 1
0 25 13 6 25 13 6 1
0 25 9 19 25 9 19 1
0 17 16 1 17 16 1 1
0 14 10 24 14 10 24 1
0 4 3 2 4 3 2 1
0 20 22 29 20 22 29 1
0 30 31 32 30 31 32 1
0 14 0 10 14 0 10 1
0 29 33 20 29 33 20 1
0 29 30 33 29 30 33 1
0 8 7 12 8 7 12 1
0 10 9 24 10 9 24 1
0 13 12 7 13 12 7 1
0 6 14 24 6 14 24 1
0 18 17 27 18 17 27 1
0 23 20 34 23 20 23 1
0 25 24 9 25 24 9 1
0 27 5 18 27 5 18 1
0 25 11 13 25 11 13 1
0 18 2 16 18 2 16 1
0 6 13 7 6 13 7 1
0 1 16 2 1 16 2 1
0 32 31 35 32 31 31 1
0 20 33 36 20 33 34 1
0 33 30 32 33 30 32 1

Materials: 2
"Vram"
0.200000 0.200000 0.200000 1.000000
0.800000 0.800000 0.800000 1.000000
0.000000 0.000000 0.000000 1.000000
1.000000 1.000000 1.000000 1.000000
0.000000
1.000000
".\rage.bmp"
""
"Face"
0.200000 0.200000 0.200000 1.000000
0.800000 0.800000 0.800000 1.000000
0.000000 0.000000 0.000000 1.000000
1.000000 1.000000 1.000000 1.000000
0.000000
1.000000
".\face.ini"
""

Bones: 16
"torso"
""
8 0.000000 0.000000 0.000000 0.000000 0.000000 0.000000
0
0
"head"
""
8 0.000000 0.000000 0.000000 0.000000 0.000000 0.000000
0
0
"pelvis"
""
8 0.000000 0.000000 0.000000 0.000000 0.000000 0.000000
0
0
"r lower arm"
""
8 0.000000 0.000000 0.000000 0.000000 0.000000 0.000000
0
0
"r foot"
""
8 0.000000 0.000000 0.000000 0.000000 0.000000 0.000000
0
0
"r hand"
""
8 0.000000 0.000000 0.000000 0.000000 0.000000 0.000000
0
0
"r leg"
""
8 0.000000 0.000000 0.000000 0.000000 0.000000 0.000000
0
0
"r thigh"
""
8 0.000000 0.000000 0.000000 0.000000 0.000000 0.000000
0
0
"r upper arm"
""
8 0.000000 0.000000 0.000000 0.000000 0.000000 0.000000
0
0
"neck"
""
8 0.000000 0.000000 0.000000 0.000000 0.000000 0.000000
0
0
"l lower arm"
""
8 0.000000 0.000000 0.000000 0.000000 0.000000 0.000000
0
0
"l foot"
""
8 0.000000 0.000000 0.000000 0.000000 0.000000 0.000000
0
0
"l hand"
""
8 0.000000 0.000000 0.000000 0.000000 0.000000 0.000000
0
0
"l leg"
""
8 0.000000 0.000000 0.000000 0.000000 0.000000 0.000000
0
0
"l thigh"
""
8 0.000000 0.000000 0.000000 0.000000 0.000000 0.000000
0
0
"l upper arm"
""
8 0.000000 0.000000 0.000000 0.000000 0.000000 0.000000
0
0
