// MilkShape 3D ASCII

Frames: 30
Frame: 1

Meshes: 17
"Mesh04" 0 4
67
0 11.127949 -0.275002 -1.749968 0.306309 0.377045 -1
0 11.127917 0.180001 -5.633456 0.165694 0.200592 -1
0 11.127949 0.179999 -1.749968 0.306309 0.200593 -1
0 11.127917 -0.275000 -5.633456 0.165694 0.377044 -1
0 7.310503 -0.275002 -5.633455 0.394430 0.184560 -1
0 11.127917 -1.640000 -5.633456 0.058584 0.123308 -1
0 7.310503 -1.640002 -5.633455 0.394430 0.123309 -1
0 11.127917 -0.275000 -5.633456 0.058584 0.184559 -1
0 11.127949 -1.640002 -1.749968 0.281251 0.874999 -1
0 11.127917 -0.275000 -5.633456 0.031291 0.300780 -1
0 11.127949 -0.275002 -1.749968 0.281251 0.193595 -1
0 11.127917 -1.640000 -5.633456 0.031291 0.874998 -1
0 7.310503 0.179999 -5.633455 0.443927 0.200593 -1
0 11.127917 -0.275000 -5.633456 0.415691 0.377044 -1
0 7.310503 -0.275002 -5.633455 0.443927 0.377045 -1
0 11.127917 0.180001 -5.633456 0.415691 0.200592 -1
0 3.710511 -0.275002 -5.633455 0.657751 0.184560 -1
0 3.710511 -1.640002 -5.633455 0.657751 0.123309 -1
0 3.710511 0.179999 -5.633455 0.418048 0.200593 -1
0 3.710511 -0.275002 -5.633455 0.418048 0.377045 -1
0 0.110519 -0.275000 -5.633456 0.921076 0.184559 -1
0 0.110519 -1.640002 -5.633455 0.921076 0.123309 -1
0 0.110519 0.179999 -5.633455 0.392165 0.200593 -1
0 0.110519 -0.275000 -5.633456 0.392165 0.377044 -1
0 0.110519 -1.640002 7.318931 0.936684 0.874999 -1
0 3.710511 -1.640002 7.320680 0.648856 0.874999 -1
0 3.710511 -0.275002 7.320680 0.648856 0.193595 -1
0 0.110519 -0.275003 7.318929 0.392165 0.377046 -1
0 3.710511 0.179999 7.320680 0.418048 0.200593 -1
0 0.110519 0.179997 7.318931 0.392165 0.200594 -1
0 3.710511 -0.275002 7.320680 0.418048 0.377045 -1
0 0.110519 0.000001 5.449994 0.093751 0.185096 -1
0 0.110519 -1.640002 7.318931 0.031250 0.874999 -1
0 0.110519 -0.062086 7.035985 0.343749 0.180589 -1
0 0.110519 -1.640002 5.449952 0.093751 0.874999 -1
0 7.310503 -0.275002 7.322415 0.361029 0.193595 -1
0 7.310503 -1.640002 7.322415 0.361029 0.874999 -1
0 7.310503 0.179999 7.322427 0.443927 0.200593 -1
0 7.310503 -0.275002 7.322415 0.443927 0.377045 -1
0 0.110519 -0.275003 7.318929 0.031250 0.300783 -1
0 0.110519 -1.640002 -5.633455 0.843751 0.874999 -1
0 0.110519 -0.000001 -5.350006 0.531249 0.185097 -1
0 0.110519 -0.275000 -5.633456 0.906249 0.377343 -1
0 0.110519 0.179997 7.318931 0.031250 0.109377 -1
0 0.110519 0.180001 7.035983 0.343749 0.109375 -1
0 0.110519 0.179999 -5.349984 0.531249 0.109376 -1
0 0.110519 0.179999 -5.633455 0.906249 0.109376 -1
0 8.349418 0.179997 7.322850 0.185352 0.200594 -1
0 8.349418 -0.275003 7.322846 0.185352 0.377046 -1
0 8.349418 -0.275003 7.322846 0.944911 0.193595 -1
0 8.349418 -1.640004 7.322846 0.944911 0.875000 -1
0 11.127917 -0.275003 5.678813 0.936695 0.193595 -1
0 11.127917 -1.640003 5.678813 0.936695 0.875000 -1
0 11.127949 -0.275002 1.849935 0.593750 0.193595 -1
0 11.127917 -1.640003 5.678813 0.906294 0.875000 -1
0 11.127949 -1.640002 1.849935 0.593750 0.874999 -1
0 11.127917 -0.275003 5.678813 0.906294 0.193595 -1
0 11.127949 0.179999 1.849935 0.509435 0.200593 -1
0 11.127917 -0.275003 5.678813 0.775068 0.377046 -1
0 11.127949 -0.275002 1.849935 0.509435 0.377045 -1
0 11.127917 0.179998 5.678815 0.775068 0.200593 -1
0 11.127917 0.179998 5.678815 0.415691 0.200593 -1
0 11.127917 -0.275003 5.678813 0.415691 0.377046 -1
0 0.110519 -1.640002 -1.752207 0.781250 0.874999 -1
0 0.110519 -0.000001 -1.750001 0.781250 0.185097 -1
0 0.110519 -1.640002 1.849935 0.906249 0.874999 -1
0 0.110519 0.000001 1.849994 0.906249 0.185096 -1
42
1.000000 0.000000 -0.000005
1.000000 0.000000 -0.000008
1.000000 0.000000 -0.000003
-0.000000 0.000000 -1.000000
-0.000000 0.000000 -1.000000
-0.000000 0.000000 -1.000000
1.000000 0.000000 -0.000005
1.000000 0.000000 -0.000008
0.000000 0.000000 -1.000000
0.000000 -0.000000 -1.000000
0.000000 0.000000 -1.000000
0.000000 0.000001 -1.000000
0.000000 -0.000001 -1.000000
0.000000 -0.000001 -1.000000
0.000000 0.000002 -1.000000
0.000000 0.000003 -1.000000
-0.000486 0.000001 1.000000
-0.000483 0.000000 1.000000
-0.000485 0.000000 1.000000
-0.000486 -0.000002 1.000000
-0.000486 -0.000001 1.000000
-0.000486 -0.000004 1.000000
-0.000484 -0.000009 1.000000
-1.000000 0.000000 0.000000
-0.000460 0.000000 1.000000
-0.000437 0.000000 1.000000
-0.000458 -0.000017 1.000000
-0.000435 -0.000021 1.000000
0.174985 -0.000015 0.984571
0.350393 -0.000007 0.936603
0.174982 0.000000 0.984572
0.350393 0.000000 0.936603
0.509233 0.000000 0.860629
0.509233 0.000000 0.860629
1.000000 0.000000 0.000005
1.000000 0.000000 0.000008
1.000000 0.000000 0.000003
1.000000 -0.000000 0.000005
1.000000 -0.000000 0.000008
1.000000 -0.000000 0.000008
0.509233 -0.000006 0.860629
0.509233 -0.000004 0.860629
53
0 0 1 2 0 1 2 1
0 0 3 1 0 1 1 1
0 4 5 6 3 4 5 1
0 4 7 5 3 4 4 1
0 8 9 10 6 7 2 1
0 8 11 9 6 7 7 1
0 12 13 14 3 4 5 1
0 12 15 13 3 4 4 1
0 16 6 17 8 5 9 1
0 16 4 6 8 3 5 1
0 18 14 19 10 5 11 1
0 18 12 14 10 3 5 1
0 20 17 21 12 9 13 1
0 20 16 17 12 8 9 1
0 22 19 23 14 11 15 1
0 22 18 19 14 10 11 1
0 24 25 26 16 17 18 1
0 27 28 29 19 20 21 1
0 27 30 28 19 22 20 1
0 31 32 33 23 23 23 1
0 31 34 32 23 23 23 1
0 25 35 26 17 24 18 1
0 25 36 35 17 25 24 1
0 30 37 28 22 26 20 1
0 30 38 37 22 27 26 1
0 33 32 39 23 23 23 1
0 40 41 42 23 23 23 1
0 33 43 44 23 23 23 1
0 33 39 43 23 23 23 1
0 42 45 46 23 23 23 1
0 42 41 45 23 23 23 1
0 38 47 37 27 28 26 1
0 38 48 47 27 29 28 1
0 36 49 35 25 30 24 1
0 36 50 49 25 31 30 1
0 51 50 52 32 31 33 1
0 51 49 50 32 30 31 1
0 53 54 55 34 35 36 1
0 53 56 54 34 35 35 1
0 57 58 59 37 38 36 1
0 57 60 58 37 39 38 1
0 61 48 62 40 29 41 1
0 61 47 48 40 28 29 1
0 59 2 57 36 2 37 1
0 59 0 2 36 0 2 1
0 55 10 53 36 2 34 1
0 55 8 10 36 6 2 1
0 63 41 40 23 23 23 1
0 63 64 41 23 23 23 1
0 65 64 63 23 23 23 1
0 65 66 64 23 23 23 1
0 34 66 65 23 23 23 1
0 34 31 66 23 23 23 1
"Mesh05" 0 1
8
0 10.910522 0.000001 -1.750004 0.991336 0.022377 -1
0 7.310520 0.000001 1.849995 0.009698 0.989760 -1
0 10.910498 -0.000001 1.849991 0.008495 0.023721 -1
0 7.310520 0.000001 -1.750003 0.992539 0.988423 -1
0 3.710519 0.000001 -1.750003 0.987987 0.997415 -1
0 0.110519 0.000001 1.849994 0.006299 0.029693 -1
0 3.710519 0.000001 1.849995 0.006969 0.998094 -1
0 0.110519 -0.000001 -1.750001 0.987316 0.029013 -1
5
0.000000 1.000000 0.000000
0.000001 1.000000 0.000001
0.000000 1.000000 0.000000
-0.000000 1.000000 -0.000000
-0.000001 1.000000 -0.000001
4
0 0 1 2 0 0 1 1
0 0 3 1 0 2 0 1
0 4 5 6 3 3 2 1
0 4 7 5 3 4 3 1
"Mesh06" 0 0
42
0 10.910498 0.179999 -1.749968 0.223085 0.661947 -1
0 10.910498 -0.000001 -5.350006 0.223085 0.358481 -1
0 10.910522 0.000001 -1.750004 0.223078 0.661956 -1
0 10.910498 0.179999 -5.349984 0.223085 0.358484 -1
0 7.310520 0.000001 -5.350003 0.620795 0.358481 -1
0 7.310503 0.179999 -5.349984 0.620788 0.358484 -1
0 3.710511 -0.000001 -5.350006 0.535336 0.358481 -1
0 3.710511 0.179999 -5.349984 0.535336 0.358484 -1
0 0.110519 -0.000001 -5.350006 0.308540 0.358481 -1
0 0.110519 0.179999 -5.349984 0.308540 0.358484 -1
0 0.110519 0.180001 7.035983 0.308540 0.367653 -1
0 3.710511 -0.062081 7.037732 0.535336 0.367281 -1
0 0.110519 -0.062086 7.035985 0.308540 0.367653 -1
0 3.710511 0.179999 7.037732 0.535336 0.367281 -1
0 7.310503 -0.062081 7.039481 0.620788 0.366912 -1
0 7.310503 0.179999 7.039469 0.620788 0.366916 -1
0 10.910498 -0.000001 1.849991 0.223085 0.317606 -1
0 10.910498 0.179999 5.449952 0.223085 0.702841 -1
0 10.910498 0.179999 1.849935 0.223085 0.317594 -1
0 10.910522 0.000001 5.449994 0.223078 0.702831 -1
0 8.184638 0.180001 7.039824 0.863575 0.366841 -1
0 8.184639 -0.062086 7.039824 0.863575 0.366841 -1
0 10.910498 -0.000001 -5.350006 0.002640 0.993864 -1
0 7.310520 0.000001 -1.750003 0.992690 0.018533 -1
0 10.910522 0.000001 -1.750004 0.002634 0.018534 -1
0 7.310520 0.000001 -5.350003 0.992690 0.993863 -1
0 3.710511 -0.000001 -5.350006 0.003367 0.993817 -1
0 0.110519 -0.000001 -1.750001 0.988063 0.020638 -1
0 3.710519 0.000001 -1.750003 0.003365 0.020638 -1
0 0.110519 -0.000001 -5.350006 0.988063 0.993817 -1
0 10.910498 -0.000001 1.849991 0.004771 0.987282 -1
0 7.310520 0.000001 5.449996 0.990980 0.024560 -1
0 10.910522 0.000001 5.449994 0.004764 0.024561 -1
0 7.310520 0.000001 1.849995 0.990980 0.987281 -1
0 3.710519 0.000001 1.849995 0.004066 0.990324 -1
0 0.110519 0.000001 5.449994 0.992629 0.023683 -1
0 3.710519 0.000001 5.449994 0.004066 0.023683 -1
0 0.110519 0.000001 1.849994 0.992629 0.990325 -1
0 7.310520 0.000001 -1.750003 0.003810 0.987246 -1
0 3.710519 0.000001 1.849995 0.992571 0.025133 -1
0 7.310520 0.000001 1.849995 0.003810 0.025133 -1
0 3.710519 0.000001 -1.750003 0.992571 0.987246 -1
30
-0.707139 0.707074 0.000002
-0.894426 -0.000116 0.447216
-1.000000 -0.000092 0.000000
-0.267276 0.801761 0.534549
-0.000000 -0.000109 1.000000
-0.000000 0.707067 0.707146
-0.000000 -0.000116 1.000000
0.000000 0.707064 0.707150
0.000000 -0.000122 1.000000
0.000000 0.894416 0.447235
0.000435 0.447213 -0.894427
0.000341 0.720793 -0.693151
0.000335 0.720801 -0.693142
0.000343 0.707102 -0.707111
0.000320 0.720766 -0.693178
0.000301 0.707095 -0.707119
-1.000000 -0.000046 0.000000
-0.625703 0.749600 -0.215861
-0.707123 0.707091 -0.000002
-0.715207 0.355827 -0.601553
-0.241097 0.718044 -0.652905
-0.145165 0.576722 -0.803940
0.000000 1.000000 -0.000000
-0.000000 1.000000 -0.000001
0.000001 1.000000 0.000000
-0.000000 1.000000 -0.000000
-0.000001 1.000000 -0.000001
0.000000 1.000000 0.000000
0.000000 1.000000 -0.000000
-0.000000 1.000000 -0.000001
29
0 0 1 2 0 1 2 1
0 0 3 1 0 3 1 1
0 4 3 5 4 3 5 1
0 4 1 3 4 1 3 1
0 6 5 7 6 5 7 1
0 6 4 5 6 4 5 1
0 8 7 9 8 7 9 1
0 8 6 7 8 6 7 1
0 10 11 12 10 11 12 1
0 10 13 11 10 13 11 1
0 13 14 11 13 14 11 1
0 13 15 14 13 15 14 1
0 16 17 18 16 17 18 1
0 16 19 17 16 19 17 1
0 19 20 17 19 20 17 1
0 19 21 20 19 21 20 1
0 15 21 14 15 21 14 1
0 18 2 16 18 2 16 1
0 18 0 2 18 0 2 1
0 22 23 24 22 22 23 1
0 22 25 23 22 24 22 1
0 26 27 28 25 25 26 1
0 26 29 27 25 27 25 1
0 30 31 32 28 28 29 1
0 30 33 31 28 24 28 1
0 34 35 36 27 27 27 1
0 34 37 35 27 27 27 1
0 38 39 40 27 27 27 1
0 38 41 39 27 27 27 1
"Mesh07" 0 2
8
0 7.310520 0.000001 -5.350003 0.004803 0.025956 -1
0 3.710519 0.000001 -1.750003 0.987252 0.995157 -1
0 7.310520 0.000001 -1.750003 0.004803 0.995157 -1
0 3.710511 -0.000001 -5.350006 0.987254 0.025956 -1
0 7.310520 0.000001 1.849995 0.004388 0.994506 -1
0 3.710519 0.000001 5.449994 0.990563 0.029730 -1
0 7.310520 0.000001 5.449996 0.004388 0.029730 -1
0 3.710519 0.000001 1.849995 0.990563 0.994506 -1
3
-0.000000 1.000000 -0.000000
0.000000 1.000000 0.000000
-0.000001 1.000000 -0.000001
4
0 0 1 2 0 0 1 1
0 0 3 1 0 2 0 1
0 4 5 6 1 1 1 1
0 4 7 5 1 1 1 1
"Object01" 0 4
8
0 0.216673 -0.011066 -1.749968 0.223085 0.661947 -1
0 0.216673 -0.011066 -5.620017 0.223085 0.358484 -1
0 -0.277299 -0.011066 -1.749968 0.162689 0.661947 -1
0 -0.277267 -0.011064 -5.633456 0.162699 0.298578 -1
0 -0.277299 -0.011066 1.849935 0.162689 0.317594 -1
0 -0.277267 -0.011067 7.300304 0.162699 0.654472 -1
0 0.216673 -0.011066 1.849935 0.223085 0.317594 -1
0 0.216673 -0.011066 7.312256 0.223085 0.702841 -1
8
0.000000 1.000000 0.000000
0.000002 1.000000 0.000000
0.000001 1.000000 0.000000
0.000004 1.000000 0.000001
0.000000 1.000000 0.000000
-0.000001 1.000000 0.000000
-0.000001 1.000000 0.000000
-0.000002 1.000000 0.000000
6
0 0 1 2 0 1 2 1
0 1 3 2 1 3 2 1
0 4 5 6 4 5 6 1
0 5 7 6 5 7 6 1
0 6 0 4 6 0 4 1
0 0 2 4 0 2 4 1
"Mesh01" 0 1
8
0 10.910522 0.000001 -1.750004 0.991336 0.022377 -1
0 7.310520 0.000001 1.849995 0.009698 0.989760 -1
0 10.910498 -0.000001 1.849991 0.008495 0.023721 -1
0 7.310520 0.000001 -1.750003 0.992539 0.988423 -1
0 3.710519 0.000001 -1.750003 0.987987 0.997415 -1
0 0.110519 0.000001 1.849994 0.006299 0.029693 -1
0 3.710519 0.000001 1.849995 0.006969 0.998094 -1
0 0.110519 -0.000001 -1.750001 0.987316 0.029013 -1
5
0.000000 1.000000 0.000000
0.000001 1.000000 0.000001
0.000000 1.000000 0.000000
-0.000000 1.000000 -0.000000
-0.000001 1.000000 -0.000001
4
0 0 1 2 0 0 1 1
0 0 3 1 0 2 0 1
0 4 5 6 3 3 2 1
0 4 7 5 3 4 3 1
"Mesh09" 0 2
8
0 7.310520 0.000001 -5.350003 0.004803 0.025956 -1
0 3.710519 0.000001 -1.750003 0.987252 0.995157 -1
0 7.310520 0.000001 -1.750003 0.004803 0.995157 -1
0 3.710511 -0.000001 -5.350006 0.987254 0.025956 -1
0 7.310520 0.000001 1.849995 0.004388 0.994506 -1
0 3.710519 0.000001 5.449994 0.990563 0.029730 -1
0 7.310520 0.000001 5.449996 0.004388 0.029730 -1
0 3.710519 0.000001 1.849995 0.990563 0.994506 -1
3
-0.000000 1.000000 -0.000000
0.000000 1.000000 0.000000
-0.000001 1.000000 -0.000001
4
0 0 1 2 0 0 1 1
0 0 3 1 0 2 0 1
0 4 5 6 1 1 1 1
0 4 7 5 1 1 1 1
"Mesh10" 0 4
67
0 11.127949 -0.275002 -1.749968 0.306309 0.377045 -1
0 11.127917 0.180001 -5.633456 0.165694 0.200592 -1
0 11.127949 0.179999 -1.749968 0.306309 0.200593 -1
0 11.127917 -0.275000 -5.633456 0.165694 0.377044 -1
0 7.310503 -0.275002 -5.633455 0.394430 0.184560 -1
0 11.127917 -1.640000 -5.633456 0.058584 0.123308 -1
0 7.310503 -1.640002 -5.633455 0.394430 0.123309 -1
0 11.127917 -0.275000 -5.633456 0.058584 0.184559 -1
0 11.127949 -1.640002 -1.749968 0.281251 0.874999 -1
0 11.127917 -0.275000 -5.633456 0.031291 0.300780 -1
0 11.127949 -0.275002 -1.749968 0.281251 0.193595 -1
0 11.127917 -1.640000 -5.633456 0.031291 0.874998 -1
0 7.310503 0.179999 -5.633455 0.443927 0.200593 -1
0 11.127917 -0.275000 -5.633456 0.415691 0.377044 -1
0 7.310503 -0.275002 -5.633455 0.443927 0.377045 -1
0 11.127917 0.180001 -5.633456 0.415691 0.200592 -1
0 3.710511 -0.275002 -5.633455 0.657751 0.184560 -1
0 3.710511 -1.640002 -5.633455 0.657751 0.123309 -1
0 3.710511 0.179999 -5.633455 0.418048 0.200593 -1
0 3.710511 -0.275002 -5.633455 0.418048 0.377045 -1
0 -0.073407 -0.275000 -5.633456 0.921076 0.184559 -1
0 -0.073407 -1.640002 -5.633455 0.921076 0.123309 -1
0 -0.073407 0.179999 -5.633455 0.392165 0.200593 -1
0 -0.073407 -0.275000 -5.633456 0.392165 0.377044 -1
0 -0.073407 -1.640002 7.318931 0.936684 0.874999 -1
0 3.710511 -1.640002 7.320680 0.648856 0.874999 -1
0 3.710511 -0.275002 7.320680 0.648856 0.193595 -1
0 -0.073407 -0.275003 7.318929 0.392165 0.377046 -1
0 3.710511 0.179999 7.320680 0.418048 0.200593 -1
0 -0.073407 0.179997 7.318931 0.392165 0.200594 -1
0 3.710511 -0.275002 7.320680 0.418048 0.377045 -1
0 -0.073407 0.000001 5.449994 0.093751 0.185096 -1
0 -0.073407 -1.640002 7.318931 0.031250 0.874999 -1
0 -0.073407 -0.062086 7.035985 0.343749 0.180589 -1
0 -0.073407 -1.640002 5.449952 0.093751 0.874999 -1
0 7.310503 -0.275002 7.322415 0.361029 0.193595 -1
0 7.310503 -1.640002 7.322415 0.361029 0.874999 -1
0 7.310503 0.179999 7.322427 0.443927 0.200593 -1
0 7.310503 -0.275002 7.322415 0.443927 0.377045 -1
0 -0.073407 -0.275003 7.318929 0.031250 0.300783 -1
0 -0.073407 -1.640002 -5.633455 0.843751 0.874999 -1
0 -0.073407 -0.000001 -5.350006 0.531249 0.185097 -1
0 -0.073407 -0.275000 -5.633456 0.906249 0.377343 -1
0 -0.073407 0.179997 7.318931 0.031250 0.109377 -1
0 -0.073407 0.180001 7.035983 0.343749 0.109375 -1
0 -0.073407 0.179999 -5.349984 0.531249 0.109376 -1
0 -0.073407 0.179999 -5.633455 0.906249 0.109376 -1
0 8.349418 0.179997 7.322850 0.185352 0.200594 -1
0 8.349418 -0.275003 7.322846 0.185352 0.377046 -1
0 8.349418 -0.275003 7.322846 0.944911 0.193595 -1
0 8.349418 -1.640004 7.322846 0.944911 0.875000 -1
0 11.127917 -0.275003 5.678813 0.936695 0.193595 -1
0 11.127917 -1.640003 5.678813 0.936695 0.875000 -1
0 11.127949 -0.275002 1.849935 0.593750 0.193595 -1
0 11.127917 -1.640003 5.678813 0.906294 0.875000 -1
0 11.127949 -1.640002 1.849935 0.593750 0.874999 -1
0 11.127917 -0.275003 5.678813 0.906294 0.193595 -1
0 11.127949 0.179999 1.849935 0.509435 0.200593 -1
0 11.127917 -0.275003 5.678813 0.775068 0.377046 -1
0 11.127949 -0.275002 1.849935 0.509435 0.377045 -1
0 11.127917 0.179998 5.678815 0.775068 0.200593 -1
0 11.127917 0.179998 5.678815 0.415691 0.200593 -1
0 11.127917 -0.275003 5.678813 0.415691 0.377046 -1
0 -0.073407 -1.640002 -1.752207 0.781250 0.874999 -1
0 -0.073407 -0.000001 -1.750001 0.781250 0.185097 -1
0 -0.073407 -1.640002 1.849935 0.906249 0.874999 -1
0 -0.073407 0.000001 1.849994 0.906249 0.185096 -1
42
1.000000 0.000000 -0.000005
1.000000 0.000000 -0.000008
1.000000 0.000000 -0.000003
-0.000000 0.000000 -1.000000
-0.000000 0.000000 -1.000000
-0.000000 0.000000 -1.000000
1.000000 0.000000 -0.000005
1.000000 0.000000 -0.000008
0.000000 0.000000 -1.000000
0.000000 -0.000000 -1.000000
0.000000 0.000000 -1.000000
0.000000 0.000001 -1.000000
0.000000 -0.000001 -1.000000
0.000000 -0.000001 -1.000000
0.000000 0.000002 -1.000000
0.000000 0.000003 -1.000000
-0.000462 0.000001 1.000000
-0.000475 0.000000 1.000000
-0.000469 0.000000 1.000000
-0.000462 -0.000002 1.000000
-0.000470 -0.000001 1.000000
-0.000462 -0.000004 1.000000
-0.000477 -0.000009 1.000000
-1.000000 0.000000 0.000000
-0.000460 0.000000 1.000000
-0.000437 0.000000 1.000000
-0.000458 -0.000017 1.000000
-0.000435 -0.000021 1.000000
0.174985 -0.000015 0.984571
0.350393 -0.000007 0.936603
0.174982 0.000000 0.984572
0.350393 0.000000 0.936603
0.509233 0.000000 0.860629
0.509233 0.000000 0.860629
1.000000 0.000000 0.000005
1.000000 0.000000 0.000008
1.000000 0.000000 0.000003
1.000000 -0.000000 0.000005
1.000000 -0.000000 0.000008
1.000000 -0.000000 0.000008
0.509233 -0.000006 0.860629
0.509233 -0.000004 0.860629
53
0 0 1 2 0 1 2 1
0 0 3 1 0 1 1 1
0 4 5 6 3 4 5 1
0 4 7 5 3 4 4 1
0 8 9 10 6 7 2 1
0 8 11 9 6 7 7 1
0 12 13 14 3 4 5 1
0 12 15 13 3 4 4 1
0 16 6 17 8 5 9 1
0 16 4 6 8 3 5 1
0 18 14 19 10 5 11 1
0 18 12 14 10 3 5 1
0 20 17 21 12 9 13 1
0 20 16 17 12 8 9 1
0 22 19 23 14 11 15 1
0 22 18 19 14 10 11 1
0 24 25 26 16 17 18 1
0 27 28 29 19 20 21 1
0 27 30 28 19 22 20 1
0 31 32 33 23 23 23 1
0 31 34 32 23 23 23 1
0 25 35 26 17 24 18 1
0 25 36 35 17 25 24 1
0 30 37 28 22 26 20 1
0 30 38 37 22 27 26 1
0 33 32 39 23 23 23 1
0 40 41 42 23 23 23 1
0 33 43 44 23 23 23 1
0 33 39 43 23 23 23 1
0 42 45 46 23 23 23 1
0 42 41 45 23 23 23 1
0 38 47 37 27 28 26 1
0 38 48 47 27 29 28 1
0 36 49 35 25 30 24 1
0 36 50 49 25 31 30 1
0 51 50 52 32 31 33 1
0 51 49 50 32 30 31 1
0 53 54 55 34 35 36 1
0 53 56 54 34 35 35 1
0 57 58 59 37 38 36 1
0 57 60 58 37 39 38 1
0 61 48 62 40 29 41 1
0 61 47 48 40 28 29 1
0 59 2 57 36 2 37 1
0 59 0 2 36 0 2 1
0 55 10 53 36 2 34 1
0 55 8 10 36 6 2 1
0 63 41 40 23 23 23 1
0 63 64 41 23 23 23 1
0 65 64 63 23 23 23 1
0 65 66 64 23 23 23 1
0 34 66 65 23 23 23 1
0 34 31 66 23 23 23 1
"Mesh02" 0 1
8
0 -10.937404 -0.000001 1.849991 0.008495 0.023721 -1
0 -7.337428 0.000001 1.849995 0.009698 0.989760 -1
0 -10.937428 0.000001 -1.750004 0.991336 0.022377 -1
0 -7.337428 0.000001 -1.750003 0.992539 0.988423 -1
0 -3.737427 0.000001 1.849995 0.006969 0.998094 -1
0 -0.137427 0.000001 1.849994 0.006299 0.029693 -1
0 -3.737427 0.000001 -1.750003 0.987987 0.997415 -1
0 -0.137427 -0.000001 -1.750001 0.987316 0.029013 -1
5
-0.000001 1.000000 0.000001
-0.000000 1.000000 0.000000
0.000000 1.000000 0.000000
0.000000 1.000000 -0.000000
0.000001 1.000000 -0.000001
4
0 0 1 2 0 1 1 1
0 1 3 2 1 2 1 1
0 4 5 6 2 3 3 1
0 5 7 6 3 4 3 1
"Mesh12" 0 0
42
0 -10.937428 0.000001 -1.750004 0.223078 0.661956 -1
0 -10.937404 -0.000001 -5.350006 0.223085 0.358481 -1
0 -10.937404 0.179999 -1.749968 0.223085 0.661947 -1
0 -10.937404 0.179999 -5.349984 0.223085 0.358484 -1
0 -7.337411 0.179999 -5.349984 0.620788 0.358484 -1
0 -7.337428 0.000001 -5.350003 0.620795 0.358481 -1
0 -3.737419 0.179999 -5.349984 0.535336 0.358484 -1
0 -3.737419 -0.000001 -5.350006 0.535336 0.358481 -1
0 -0.137427 0.179999 -5.349984 0.308540 0.358484 -1
0 -0.137427 -0.000001 -5.350006 0.308540 0.358481 -1
0 -0.137427 -0.062086 7.035985 0.308540 0.367653 -1
0 -3.737419 -0.062081 7.037732 0.535336 0.367281 -1
0 -0.137427 0.180001 7.035983 0.308540 0.367653 -1
0 -3.737419 0.179999 7.037732 0.535336 0.367281 -1
0 -7.337411 -0.062081 7.039481 0.620788 0.366912 -1
0 -7.337411 0.179999 7.039469 0.620788 0.366916 -1
0 -10.937404 0.179999 1.849935 0.223085 0.317594 -1
0 -10.937404 0.179999 5.449952 0.223085 0.702841 -1
0 -10.937404 -0.000001 1.849991 0.223085 0.317606 -1
0 -10.937428 0.000001 5.449994 0.223078 0.702831 -1
0 -8.211546 0.180001 7.039824 0.863575 0.366841 -1
0 -8.211547 -0.062086 7.039824 0.863575 0.366841 -1
0 -10.937428 0.000001 -1.750004 0.002634 0.018534 -1
0 -7.337428 0.000001 -1.750003 0.992690 0.018533 -1
0 -10.937404 -0.000001 -5.350006 0.002640 0.993864 -1
0 -7.337428 0.000001 -5.350003 0.992690 0.993863 -1
0 -3.737427 0.000001 -1.750003 0.003365 0.020638 -1
0 -0.137427 -0.000001 -1.750001 0.988063 0.020638 -1
0 -3.737419 -0.000001 -5.350006 0.003367 0.993817 -1
0 -0.137427 -0.000001 -5.350006 0.988063 0.993817 -1
0 -10.937428 0.000001 5.449994 0.004764 0.024561 -1
0 -7.337428 0.000001 5.449996 0.990980 0.024560 -1
0 -10.937404 -0.000001 1.849991 0.004771 0.987282 -1
0 -7.337428 0.000001 1.849995 0.990980 0.987281 -1
0 -3.737427 0.000001 5.449994 0.004066 0.023683 -1
0 -0.137427 0.000001 5.449994 0.992629 0.023683 -1
0 -3.737427 0.000001 1.849995 0.004066 0.990324 -1
0 -0.137427 0.000001 1.849994 0.992629 0.990325 -1
0 -7.337428 0.000001 1.849995 0.003810 0.025133 -1
0 -3.737427 0.000001 1.849995 0.992571 0.025133 -1
0 -7.337428 0.000001 -1.750003 0.003810 0.987246 -1
0 -3.737427 0.000001 -1.750003 0.992571 0.987246 -1
30
1.000000 -0.000092 0.000000
0.894426 -0.000116 0.447216
0.707139 0.707074 0.000002
0.267276 0.801761 0.534549
0.000000 0.707067 0.707146
0.000000 -0.000109 1.000000
0.000000 0.707064 0.707150
0.000000 -0.000116 1.000000
0.000000 0.894416 0.447235
0.000000 -0.000122 1.000000
-0.000335 0.720801 -0.693142
-0.000341 0.720793 -0.693151
-0.000435 0.447213 -0.894427
-0.000343 0.707102 -0.707111
-0.000320 0.720766 -0.693178
-0.000301 0.707095 -0.707119
0.707123 0.707091 -0.000002
0.625703 0.749600 -0.215861
1.000000 -0.000046 0.000000
0.715207 0.355827 -0.601553
0.241097 0.718044 -0.652905
0.145165 0.576722 -0.803940
0.000000 1.000000 -0.000001
-0.000000 1.000000 -0.000000
-0.000001 1.000000 0.000000
0.000001 1.000000 -0.000001
0.000000 1.000000 -0.000000
0.000000 1.000000 0.000000
0.000000 1.000000 -0.000001
-0.000000 1.000000 -0.000000
29
0 0 1 2 0 1 2 1
0 1 3 2 1 3 2 1
0 4 3 5 4 3 5 1
0 3 1 5 3 1 5 1
0 6 4 7 6 4 7 1
0 4 5 7 4 5 7 1
0 8 6 9 8 6 9 1
0 6 7 9 6 7 9 1
0 10 11 12 10 11 12 1
0 11 13 12 11 13 12 1
0 11 14 13 11 14 13 1
0 14 15 13 14 15 13 1
0 16 17 18 16 17 18 1
0 17 19 18 17 19 18 1
0 17 20 19 17 20 19 1
0 20 21 19 20 21 19 1
0 14 21 15 14 21 15 1
0 18 0 16 18 0 16 1
0 0 2 16 0 2 16 1
0 22 23 24 22 23 23 1
0 23 25 24 23 24 23 1
0 26 27 28 25 26 26 1
0 27 29 28 26 27 26 1
0 30 31 32 28 29 29 1
0 31 33 32 29 24 29 1
0 34 35 36 27 27 27 1
0 35 37 36 27 27 27 1
0 38 39 40 27 27 27 1
0 39 41 40 27 27 27 1
"Mesh13" 0 2
8
0 -7.337428 0.000001 -1.750003 0.004803 0.995157 -1
0 -3.737427 0.000001 -1.750003 0.987252 0.995157 -1
0 -7.337428 0.000001 -5.350003 0.004803 0.025956 -1
0 -3.737419 -0.000001 -5.350006 0.987254 0.025956 -1
0 -7.337428 0.000001 5.449996 0.004388 0.029730 -1
0 -3.737427 0.000001 5.449994 0.990563 0.029730 -1
0 -7.337428 0.000001 1.849995 0.004388 0.994506 -1
0 -3.737427 0.000001 1.849995 0.990563 0.994506 -1
3
0.000000 1.000000 0.000000
0.000000 1.000000 -0.000000
0.000001 1.000000 -0.000001
4
0 0 1 2 0 1 1 1
0 1 3 2 1 2 1 1
0 4 5 6 0 0 0 1
0 5 7 6 0 0 0 1
"Mesh14" 0 1
8
0 -10.937404 -0.000001 1.849991 0.008495 0.023721 -1
0 -7.337428 0.000001 1.849995 0.009698 0.989760 -1
0 -10.937428 0.000001 -1.750004 0.991336 0.022377 -1
0 -7.337428 0.000001 -1.750003 0.992539 0.988423 -1
0 -3.737427 0.000001 1.849995 0.006969 0.998094 -1
0 -0.137427 0.000001 1.849994 0.006299 0.029693 -1
0 -3.737427 0.000001 -1.750003 0.987987 0.997415 -1
0 -0.137427 -0.000001 -1.750001 0.987316 0.029013 -1
5
-0.000001 1.000000 0.000001
-0.000000 1.000000 0.000000
0.000000 1.000000 0.000000
0.000000 1.000000 -0.000000
0.000001 1.000000 -0.000001
4
0 0 1 2 0 1 1 1
0 1 3 2 1 2 1 1
0 4 5 6 2 3 3 1
0 5 7 6 3 4 3 1
"Mesh15" 0 2
8
0 -7.337428 0.000001 -1.750003 0.004803 0.995157 -1
0 -3.737427 0.000001 -1.750003 0.987252 0.995157 -1
0 -7.337428 0.000001 -5.350003 0.004803 0.025956 -1
0 -3.737419 -0.000001 -5.350006 0.987254 0.025956 -1
0 -7.337428 0.000001 5.449996 0.004388 0.029730 -1
0 -3.737427 0.000001 5.449994 0.990563 0.029730 -1
0 -7.337428 0.000001 1.849995 0.004388 0.994506 -1
0 -3.737427 0.000001 1.849995 0.990563 0.994506 -1
3
0.000000 1.000000 0.000000
0.000000 1.000000 -0.000000
0.000001 1.000000 -0.000001
4
0 0 1 2 0 1 1 1
0 1 3 2 1 2 1 1
0 4 5 6 0 0 0 1
0 5 7 6 0 0 0 1
"Mesh16" 0 4
66
0 -11.154855 0.179999 -1.749968 0.306309 0.200593 -1
0 -11.154823 0.180001 -5.633456 0.165694 0.200592 -1
0 -11.154855 -0.275002 -1.749968 0.306309 0.377045 -1
0 -11.154823 -0.275000 -5.633456 0.165694 0.377044 -1
0 -7.337411 -1.640002 -5.633455 0.394430 0.123309 -1
0 -11.154823 -1.640000 -5.633456 0.058584 0.123308 -1
0 -7.337411 -0.275002 -5.633455 0.394430 0.184560 -1
0 -11.154823 -0.275000 -5.633456 0.058584 0.184559 -1
0 -11.154855 -0.275002 -1.749968 0.281251 0.193595 -1
0 -11.154823 -0.275000 -5.633456 0.031291 0.300780 -1
0 -11.154855 -1.640002 -1.749968 0.281251 0.874999 -1
0 -11.154823 -1.640000 -5.633456 0.031291 0.874998 -1
0 -7.337411 -0.275002 -5.633455 0.443927 0.377045 -1
0 -11.154823 -0.275000 -5.633456 0.415691 0.377044 -1
0 -7.337411 0.179999 -5.633455 0.443927 0.200593 -1
0 -11.154823 0.180001 -5.633456 0.415691 0.200592 -1
0 -3.737419 -1.640002 -5.633455 0.657751 0.123309 -1
0 -3.737419 -0.275002 -5.633455 0.657751 0.184560 -1
0 -3.737419 -0.275002 -5.633455 0.418048 0.377045 -1
0 -3.737419 0.179999 -5.633455 0.418048 0.200593 -1
0 -0.137427 -1.640002 -5.633455 0.921076 0.123309 -1
0 -0.137427 -0.275000 -5.633456 0.921076 0.184559 -1
0 -0.137427 0.179999 -5.633455 0.392165 0.200593 -1
0 -3.737419 -0.275002 7.320680 0.648856 0.193595 -1
0 -3.737419 -1.640002 7.320680 0.648856 0.874999 -1
0 -0.137427 -1.640002 7.318931 0.936684 0.874999 -1
0 -0.137427 0.179997 7.318931 0.392165 0.200594 -1
0 -3.737419 0.179999 7.320680 0.418048 0.200593 -1
0 -0.137427 -0.275003 7.318929 0.392165 0.377046 -1
0 -3.737419 -0.275002 7.320680 0.418048 0.377045 -1
0 -0.137427 -0.062086 7.035985 0.343749 0.180589 -1
0 -0.137427 -1.640002 7.318931 0.031250 0.874999 -1
0 -0.137427 0.000001 5.449994 0.093751 0.185096 -1
0 -0.137427 -1.640002 5.449952 0.093751 0.874999 -1
0 -7.337411 -0.275002 7.322415 0.361029 0.193595 -1
0 -7.337411 -1.640002 7.322415 0.361029 0.874999 -1
0 -7.337411 0.179999 7.322427 0.443927 0.200593 -1
0 -7.337411 -0.275002 7.322415 0.443927 0.377045 -1
0 -0.137427 -0.275003 7.318929 0.031250 0.300783 -1
0 -0.137427 -0.275000 -5.633456 0.906249 0.377343 -1
0 -0.137427 -0.000001 -5.350006 0.531249 0.185097 -1
0 -0.137427 -1.640002 -5.633455 0.843751 0.874999 -1
0 -0.137427 0.180001 7.035983 0.343749 0.109375 -1
0 -0.137427 0.179997 7.318931 0.031250 0.109377 -1
0 -0.137427 0.179999 -5.633455 0.906249 0.109376 -1
0 -0.137427 0.179999 -5.349984 0.531249 0.109376 -1
0 -8.376324 0.179997 7.322850 0.185352 0.200594 -1
0 -8.376324 -0.275003 7.322846 0.185352 0.377046 -1
0 -8.376324 -0.275003 7.322846 0.944911 0.193595 -1
0 -8.376324 -1.640004 7.322846 0.944911 0.875000 -1
0 -11.154823 -1.640003 5.678813 0.936695 0.875000 -1
0 -11.154823 -0.275003 5.678813 0.936695 0.193595 -1
0 -11.154855 -1.640002 1.849935 0.593750 0.874999 -1
0 -11.154823 -1.640003 5.678813 0.906294 0.875000 -1
0 -11.154855 -0.275002 1.849935 0.593750 0.193595 -1
0 -11.154823 -0.275003 5.678813 0.906294 0.193595 -1
0 -11.154855 -0.275002 1.849935 0.509435 0.377045 -1
0 -11.154823 -0.275003 5.678813 0.775068 0.377046 -1
0 -11.154855 0.179999 1.849935 0.509435 0.200593 -1
0 -11.154823 0.179998 5.678815 0.775068 0.200593 -1
0 -11.154823 -0.275003 5.678813 0.415691 0.377046 -1
0 -11.154823 0.179998 5.678815 0.415691 0.200593 -1
0 -0.137427 -1.640002 -1.752207 0.781250 0.874999 -1
0 -0.137427 -0.000001 -1.750001 0.781250 0.185097 -1
0 -0.137427 -1.640002 1.849935 0.906249 0.874999 -1
0 -0.137427 0.000001 1.849994 0.906249 0.185096 -1
44
-1.000000 0.000000 -0.000003
-1.000000 0.000000 -0.000008
-1.000000 0.000000 -0.000005
0.000000 0.000000 -1.000000
0.000000 0.000000 -1.000000
0.000000 0.000000 -1.000000
-1.000000 0.000000 -0.000008
-1.000000 0.000000 -0.000005
0.000000 0.000000 -1.000000
0.000000 0.000000 -1.000000
0.000000 0.000000 -1.000000
-0.000000 -0.000000 -1.000000
-0.000000 0.000000 -1.000000
-0.000000 0.000001 -1.000000
0.000000 0.000000 -1.000000
0.000000 -0.000001 -1.000000
-0.000000 -0.000001 -1.000000
-0.000000 0.000002 -1.000000
0.000485 0.000000 1.000000
0.000483 0.000000 1.000000
0.000486 0.000001 1.000000
0.000486 -0.000004 1.000000
0.000486 -0.000001 1.000000
0.000486 -0.000002 1.000000
0.000484 -0.000009 1.000000
1.000000 0.000000 0.000000
0.000460 0.000000 1.000000
0.000437 0.000000 1.000000
0.000458 -0.000017 1.000000
0.000435 -0.000021 1.000000
-0.174985 -0.000015 0.984571
-0.350393 -0.000007 0.936603
-0.174982 0.000000 0.984572
-0.350393 0.000000 0.936603
-0.509233 0.000000 0.860629
-0.509233 0.000000 0.860629
-1.000000 0.000000 0.000003
-1.000000 0.000000 0.000008
-1.000000 0.000000 0.000005
-1.000000 -0.000000 0.000008
-1.000000 -0.000000 0.000005
-1.000000 -0.000000 0.000008
-0.509233 -0.000004 0.860629
-0.509233 -0.000006 0.860629
52
0 0 1 2 0 1 2 1
0 1 3 2 1 1 2 1
0 4 5 6 3 4 5 1
0 5 7 6 4 4 5 1
0 8 9 10 0 6 7 1
0 9 11 10 6 6 7 1
0 12 13 14 8 9 10 1
0 13 15 14 9 9 10 1
0 16 4 17 11 3 12 1
0 4 6 17 3 5 12 1
0 18 12 19 13 8 14 1
0 12 14 19 8 10 14 1
0 20 16 21 15 11 16 1
0 16 17 21 11 12 16 1
0 18 19 22 13 14 17 1
0 23 24 25 18 19 20 1
0 26 27 28 21 22 23 1
0 27 29 28 22 24 23 1
0 30 31 32 25 25 25 1
0 31 33 32 25 25 25 1
0 23 34 24 18 26 19 1
0 34 35 24 26 27 19 1
0 27 36 29 22 28 24 1
0 36 37 29 28 29 24 1
0 38 31 30 25 25 25 1
0 39 40 41 25 25 25 1
0 42 43 30 25 25 25 1
0 43 38 30 25 25 25 1
0 44 45 39 25 25 25 1
0 45 40 39 25 25 25 1
0 36 46 37 28 30 29 1
0 46 47 37 30 31 29 1
0 34 48 35 26 32 27 1
0 48 49 35 32 33 27 1
0 50 49 51 34 33 35 1
0 49 48 51 33 32 35 1
0 52 53 54 36 37 38 1
0 53 55 54 37 37 38 1
0 56 57 58 36 39 40 1
0 57 59 58 39 41 40 1
0 60 47 61 42 31 43 1
0 47 46 61 31 30 43 1
0 58 0 56 40 0 36 1
0 0 2 56 0 2 36 1
0 54 8 52 38 0 36 1
0 8 10 52 0 7 36 1
0 41 40 62 25 25 25 1
0 40 63 62 25 25 25 1
0 62 63 64 25 25 25 1
0 63 65 64 25 25 25 1
0 64 65 33 25 25 25 1
0 65 32 33 25 25 25 1
"Mesh17" 0 4
66
0 -11.154855 0.179999 -1.749968 0.306309 0.200593 -1
0 -11.154823 0.180001 -5.633456 0.165694 0.200592 -1
0 -11.154855 -0.275002 -1.749968 0.306309 0.377045 -1
0 -11.154823 -0.275000 -5.633456 0.165694 0.377044 -1
0 -7.337411 -1.640002 -5.633455 0.394430 0.123309 -1
0 -11.154823 -1.640000 -5.633456 0.058584 0.123308 -1
0 -7.337411 -0.275002 -5.633455 0.394430 0.184560 -1
0 -11.154823 -0.275000 -5.633456 0.058584 0.184559 -1
0 -11.154855 -0.275002 -1.749968 0.281251 0.193595 -1
0 -11.154823 -0.275000 -5.633456 0.031291 0.300780 -1
0 -11.154855 -1.640002 -1.749968 0.281251 0.874999 -1
0 -11.154823 -1.640000 -5.633456 0.031291 0.874998 -1
0 -7.337411 -0.275002 -5.633455 0.443927 0.377045 -1
0 -11.154823 -0.275000 -5.633456 0.415691 0.377044 -1
0 -7.337411 0.179999 -5.633455 0.443927 0.200593 -1
0 -11.154823 0.180001 -5.633456 0.415691 0.200592 -1
0 -3.737419 -1.640002 -5.633455 0.657751 0.123309 -1
0 -3.737419 -0.275002 -5.633455 0.657751 0.184560 -1
0 -3.737419 -0.275002 -5.633455 0.418048 0.377045 -1
0 -3.737419 0.179999 -5.633455 0.418048 0.200593 -1
0 0.002053 -1.640002 -5.633455 0.921076 0.123309 -1
0 0.002053 -0.275000 -5.633456 0.921076 0.184559 -1
0 0.002053 0.179999 -5.633455 0.392165 0.200593 -1
0 -3.737419 -0.275002 7.320680 0.648856 0.193595 -1
0 -3.737419 -1.640002 7.320680 0.648856 0.874999 -1
0 0.002053 -1.640002 7.318931 0.936684 0.874999 -1
0 0.002053 0.179997 7.318931 0.392165 0.200594 -1
0 -3.737419 0.179999 7.320680 0.418048 0.200593 -1
0 0.002053 -0.275003 7.318929 0.392165 0.377046 -1
0 -3.737419 -0.275002 7.320680 0.418048 0.377045 -1
0 0.002053 -0.062086 7.035985 0.343749 0.180589 -1
0 0.002053 -1.640002 7.318931 0.031250 0.874999 -1
0 0.002053 0.000001 5.449994 0.093751 0.185096 -1
0 0.002053 -1.640002 5.449952 0.093751 0.874999 -1
0 -7.337411 -0.275002 7.322415 0.361029 0.193595 -1
0 -7.337411 -1.640002 7.322415 0.361029 0.874999 -1
0 -7.337411 0.179999 7.322427 0.443927 0.200593 -1
0 -7.337411 -0.275002 7.322415 0.443927 0.377045 -1
0 0.002053 -0.275003 7.318929 0.031250 0.300783 -1
0 0.002053 -0.275000 -5.633456 0.906249 0.377343 -1
0 0.002053 -0.000001 -5.350006 0.531249 0.185097 -1
0 0.002053 -1.640002 -5.633455 0.843751 0.874999 -1
0 0.002053 0.180001 7.035983 0.343749 0.109375 -1
0 0.002053 0.179997 7.318931 0.031250 0.109377 -1
0 0.002053 0.179999 -5.633455 0.906249 0.109376 -1
0 0.002053 0.179999 -5.349984 0.531249 0.109376 -1
0 -8.376324 0.179997 7.322850 0.185352 0.200594 -1
0 -8.376324 -0.275003 7.322846 0.185352 0.377046 -1
0 -8.376324 -0.275003 7.322846 0.944911 0.193595 -1
0 -8.376324 -1.640004 7.322846 0.944911 0.875000 -1
0 -11.154823 -1.640003 5.678813 0.936695 0.875000 -1
0 -11.154823 -0.275003 5.678813 0.936695 0.193595 -1
0 -11.154855 -1.640002 1.849935 0.593750 0.874999 -1
0 -11.154823 -1.640003 5.678813 0.906294 0.875000 -1
0 -11.154855 -0.275002 1.849935 0.593750 0.193595 -1
0 -11.154823 -0.275003 5.678813 0.906294 0.193595 -1
0 -11.154855 -0.275002 1.849935 0.509435 0.377045 -1
0 -11.154823 -0.275003 5.678813 0.775068 0.377046 -1
0 -11.154855 0.179999 1.849935 0.509435 0.200593 -1
0 -11.154823 0.179998 5.678815 0.775068 0.200593 -1
0 -11.154823 -0.275003 5.678813 0.415691 0.377046 -1
0 -11.154823 0.179998 5.678815 0.415691 0.200593 -1
0 0.002053 -1.640002 -1.752207 0.781250 0.874999 -1
0 0.002053 -0.000001 -1.750001 0.781250 0.185097 -1
0 0.002053 -1.640002 1.849935 0.906249 0.874999 -1
0 0.002053 0.000001 1.849994 0.906249 0.185096 -1
44
-1.000000 0.000000 -0.000003
-1.000000 0.000000 -0.000008
-1.000000 0.000000 -0.000005
0.000000 0.000000 -1.000000
0.000000 0.000000 -1.000000
0.000000 0.000000 -1.000000
-1.000000 0.000000 -0.000008
-1.000000 0.000000 -0.000005
0.000000 0.000000 -1.000000
0.000000 0.000000 -1.000000
0.000000 0.000000 -1.000000
-0.000000 -0.000000 -1.000000
-0.000000 0.000000 -1.000000
-0.000000 0.000001 -1.000000
0.000000 0.000000 -1.000000
0.000000 -0.000001 -1.000000
-0.000000 -0.000001 -1.000000
-0.000000 0.000002 -1.000000
0.000473 0.000000 1.000000
0.000477 0.000000 1.000000
0.000468 0.000001 1.000000
0.000468 -0.000004 1.000000
0.000474 -0.000001 1.000000
0.000468 -0.000002 1.000000
0.000478 -0.000009 1.000000
1.000000 0.000000 0.000000
0.000460 0.000000 1.000000
0.000437 0.000000 1.000000
0.000458 -0.000017 1.000000
0.000435 -0.000021 1.000000
-0.174985 -0.000015 0.984571
-0.350393 -0.000007 0.936603
-0.174982 0.000000 0.984572
-0.350393 0.000000 0.936603
-0.509233 0.000000 0.860629
-0.509233 0.000000 0.860629
-1.000000 0.000000 0.000003
-1.000000 0.000000 0.000008
-1.000000 0.000000 0.000005
-1.000000 -0.000000 0.000008
-1.000000 -0.000000 0.000005
-1.000000 -0.000000 0.000008
-0.509233 -0.000004 0.860629
-0.509233 -0.000006 0.860629
52
0 0 1 2 0 1 2 1
0 1 3 2 1 1 2 1
0 4 5 6 3 4 5 1
0 5 7 6 4 4 5 1
0 8 9 10 0 6 7 1
0 9 11 10 6 6 7 1
0 12 13 14 8 9 10 1
0 13 15 14 9 9 10 1
0 16 4 17 11 3 12 1
0 4 6 17 3 5 12 1
0 18 12 19 13 8 14 1
0 12 14 19 8 10 14 1
0 20 16 21 15 11 16 1
0 16 17 21 11 12 16 1
0 18 19 22 13 14 17 1
0 23 24 25 18 19 20 1
0 26 27 28 21 22 23 1
0 27 29 28 22 24 23 1
0 30 31 32 25 25 25 1
0 31 33 32 25 25 25 1
0 23 34 24 18 26 19 1
0 34 35 24 26 27 19 1
0 27 36 29 22 28 24 1
0 36 37 29 28 29 24 1
0 38 31 30 25 25 25 1
0 39 40 41 25 25 25 1
0 42 43 30 25 25 25 1
0 43 38 30 25 25 25 1
0 44 45 39 25 25 25 1
0 45 40 39 25 25 25 1
0 36 46 37 28 30 29 1
0 46 47 37 30 31 29 1
0 34 48 35 26 32 27 1
0 48 49 35 32 33 27 1
0 50 49 51 34 33 35 1
0 49 48 51 33 32 35 1
0 52 53 54 36 37 38 1
0 53 55 54 37 37 38 1
0 56 57 58 36 39 40 1
0 57 59 58 39 41 40 1
0 60 47 61 42 31 43 1
0 47 46 61 31 30 43 1
0 58 0 56 40 0 36 1
0 0 2 56 0 2 36 1
0 54 8 52 38 0 36 1
0 8 10 52 0 7 36 1
0 41 40 62 25 25 25 1
0 40 63 62 25 25 25 1
0 62 63 64 25 25 25 1
0 63 65 64 25 25 25 1
0 64 65 33 25 25 25 1
0 65 32 33 25 25 25 1
"Regroup06" 0 4
40
0 -10.937404 0.179999 -1.749968 0.223085 0.661947 -1
0 -10.937404 0.179999 -5.349984 0.223085 0.358484 -1
0 -11.154855 0.179999 -1.749968 0.162689 0.661947 -1
0 -11.154823 0.180001 -5.633456 0.162699 0.298578 -1
0 -7.337411 0.179999 -5.349984 0.620788 0.358484 -1
0 -7.337411 0.179999 -5.633455 0.620788 0.298578 -1
0 -3.737419 0.179999 -5.349984 0.535336 0.358484 -1
0 -3.737419 0.179999 -5.633455 0.535336 0.298578 -1
0 -0.137427 0.179999 -5.349984 0.308540 0.358484 -1
0 -11.154823 0.179998 5.678815 0.162699 0.654472 -1
0 -10.937404 0.179999 5.449952 0.223085 0.702841 -1
0 -10.937404 0.179999 1.849935 0.223085 0.317594 -1
0 -11.154855 0.179999 1.849935 0.162689 0.317594 -1
0 -0.137427 0.179999 -5.633455 0.308540 0.298578 -1
0 -0.137427 -0.275000 -5.633456 0.392165 0.377044 -1
0 -3.737419 -0.275002 -5.633455 0.418048 0.377045 -1
0 -0.137427 0.179999 -5.633455 0.392165 0.200593 -1
0 0.002053 -0.275000 -5.633456 0.392165 0.377044 -1
0 0.002053 0.179999 -5.633455 0.392165 0.200593 -1
0 -0.137427 0.180001 7.035983 0.308540 0.367653 -1
0 -3.737419 0.179999 7.037732 0.535336 0.367281 -1
0 -0.137427 0.179997 7.318931 0.308540 0.307856 -1
0 -3.737419 0.179999 7.320680 0.535336 0.307484 -1
0 -7.337411 0.179999 7.039469 0.620788 0.366916 -1
0 -7.337411 0.179999 7.322427 0.620788 0.307116 -1
0 -8.211547 -0.062086 7.039824 0.863575 0.366841 -1
0 -8.211546 0.180001 7.039824 0.863575 0.366841 -1
0 -8.376324 0.179997 7.322850 0.909340 0.307028 -1
0 -10.937428 0.000001 5.449994 0.223078 0.702831 -1
0 -7.337428 0.000001 5.449996 0.620795 0.702828 -1
0 -0.137427 -0.062086 7.035985 0.308540 0.367653 -1
0 -0.137427 0.000001 5.449994 0.308540 0.702831 -1
0 -3.737419 -0.062081 7.037732 0.535336 0.367281 -1
0 -3.737427 0.000001 5.449994 0.535333 0.702831 -1
0 -7.337411 -0.062081 7.039481 0.620788 0.366912 -1
0 -0.137427 -0.275003 7.318929 0.936684 0.193595 -1
0 -3.737419 -0.275002 7.320680 0.648856 0.193595 -1
0 -0.137427 -1.640002 7.318931 0.936684 0.874999 -1
0 0.002053 -0.275003 7.318929 0.936684 0.193595 -1
0 0.002053 -1.640002 7.318931 0.936684 0.874999 -1
41
0.707139 0.707074 0.000002
0.267276 0.801761 0.534549
0.000003 1.000000 0.000000
0.000003 1.000000 0.000003
0.000000 0.707067 0.707146
0.000000 1.000000 0.000000
0.000000 0.707064 0.707150
0.000000 1.000000 0.000000
0.000000 0.894416 0.447235
-0.000002 1.000000 0.000001
0.625703 0.749600 -0.215861
0.707123 0.707091 -0.000002
0.000000 1.000000 0.000000
-0.000000 0.000003 -1.000000
-0.000000 0.000001 -1.000000
-0.000000 0.000002 -1.000000
-0.000000 0.000003 -1.000000
-0.000000 0.000001 -1.000000
-0.000000 0.000002 -1.000000
-0.000435 0.447213 -0.894427
-0.000343 0.707102 -0.707111
0.000000 1.000000 0.000007
0.000000 1.000000 0.000000
-0.000301 0.707095 -0.707119
0.000000 1.000000 0.000004
0.145165 0.576722 -0.803940
0.241097 0.718044 -0.652905
-0.000003 1.000000 0.000009
0.715207 0.355827 -0.601553
0.000003 0.999238 0.039026
-0.000335 0.720801 -0.693142
0.000010 0.999236 0.039094
-0.000341 0.720793 -0.693151
0.000006 0.999237 0.039057
-0.000320 0.720766 -0.693178
0.000486 0.000001 1.000000
0.000485 0.000000 1.000000
0.000486 0.000001 1.000000
0.000468 0.000001 1.000000
0.000473 0.000000 1.000000
0.000468 0.000001 1.000000
31
0 0 1 2 0 1 2 1
0 3 1 4 3 1 4 1
0 5 4 6 5 4 6 1
0 7 6 8 7 6 8 1
0 9 10 11 9 10 11 1
0 11 0 12 11 0 12 1
0 5 3 4 5 3 4 1
0 1 3 2 1 3 2 1
0 7 5 6 7 5 6 1
0 13 7 8 7 7 8 1
0 12 9 11 12 9 11 1
0 0 2 12 0 2 12 1
0 14 15 16 13 14 15 1
0 17 15 18 16 17 18 1
0 19 20 21 19 20 21 1
0 20 22 21 20 22 21 1
0 20 23 22 20 23 22 1
0 23 24 22 23 24 22 1
0 25 26 23 25 26 23 1
0 9 27 10 9 27 10 1
0 27 26 10 27 26 10 1
0 23 26 24 23 26 24 1
0 26 27 24 26 27 24 1
0 28 25 29 28 25 29 1
0 30 31 32 30 31 32 1
0 31 33 32 31 33 32 1
0 32 33 34 32 33 34 1
0 33 29 34 33 29 34 1
0 34 29 25 34 29 25 1
0 35 36 37 35 36 37 1
0 38 36 39 38 39 40 1
"Regroup07" 1 4
35
1 7.310503 0.179999 -5.349984 0.620788 0.358484 -1
1 11.127917 0.180001 -5.633456 0.162699 0.298578 -1
1 7.310503 0.179999 -5.633455 0.620788 0.298578 -1
1 10.910498 0.179999 -5.349984 0.223085 0.358484 -1
1 11.127949 0.179999 -1.749968 0.162689 0.661947 -1
1 10.910498 0.179999 -1.749968 0.223085 0.661947 -1
1 3.710511 0.179999 -5.349984 0.535336 0.358484 -1
1 3.710511 0.179999 -5.633455 0.535336 0.298578 -1
1 0.110519 0.179999 -5.349984 0.308540 0.358484 -1
1 0.110519 0.179999 -5.633455 0.308540 0.298578 -1
1 10.910498 0.179999 1.849935 0.223085 0.317594 -1
1 11.127917 0.179998 5.678815 0.162699 0.654472 -1
1 11.127949 0.179999 1.849935 0.162689 0.317594 -1
1 10.910498 0.179999 5.449952 0.223085 0.702841 -1
1 0.110519 -1.640002 7.318931 0.936684 0.874999 -1
1 3.710511 -0.275002 7.320680 0.648856 0.193595 -1
1 0.110519 -0.275003 7.318929 0.936684 0.193595 -1
1 0.110519 0.179997 7.318931 0.308540 0.307856 -1
1 3.710511 0.179999 7.037732 0.535336 0.367281 -1
1 0.110519 0.180001 7.035983 0.308540 0.367653 -1
1 3.710511 0.179999 7.320680 0.535336 0.307484 -1
1 7.310503 0.179999 7.039469 0.620788 0.366916 -1
1 7.310503 0.179999 7.322427 0.620788 0.307116 -1
1 8.184638 0.180001 7.039824 0.863575 0.366841 -1
1 8.184639 -0.062086 7.039824 0.863575 0.366841 -1
1 8.349418 0.179997 7.322850 0.909340 0.307028 -1
1 -0.073407 -1.640002 7.318931 0.936684 0.874999 -1
1 -0.073407 -0.275003 7.318929 0.936684 0.193595 -1
1 7.310520 0.000001 5.449996 0.620795 0.702828 -1
1 10.910522 0.000001 5.449994 0.223078 0.702831 -1
1 3.710511 -0.062081 7.037732 0.535336 0.367281 -1
1 0.110519 0.000001 5.449994 0.308540 0.702831 -1
1 0.110519 -0.062086 7.035985 0.308540 0.367653 -1
1 3.710519 0.000001 5.449994 0.535333 0.702831 -1
1 7.310503 -0.062081 7.039481 0.620788 0.366912 -1
35
-0.000000 0.707067 0.707146
-0.000003 1.000000 0.000003
-0.000000 1.000000 0.000000
-0.267276 0.801761 0.534549
-0.000003 1.000000 0.000000
-0.707139 0.707074 0.000002
0.000000 0.707064 0.707150
0.000000 1.000000 0.000000
0.000000 0.894416 0.447235
-0.707123 0.707091 -0.000002
0.000002 1.000000 0.000001
0.000000 1.000000 0.000000
-0.625703 0.749600 -0.215861
-0.000486 0.000001 1.000000
-0.000485 0.000000 1.000000
-0.000486 0.000001 1.000000
-0.000000 1.000000 0.000007
0.000343 0.707102 -0.707111
0.000435 0.447213 -0.894427
-0.000000 1.000000 0.000000
0.000301 0.707095 -0.707119
-0.000000 1.000000 0.000004
-0.241097 0.718044 -0.652905
-0.145165 0.576722 -0.803940
0.000003 1.000000 0.000009
-0.000462 0.000001 1.000000
-0.000469 0.000000 1.000000
-0.000463 0.000001 1.000000
-0.000003 0.999238 0.039026
-0.715207 0.355827 -0.601553
0.000341 0.720793 -0.693151
-0.000010 0.999236 0.039094
0.000335 0.720801 -0.693142
-0.000006 0.999237 0.039057
0.000320 0.720766 -0.693178
29
1 0 1 2 0 1 2 1
1 0 3 1 0 3 1 1
1 4 3 5 4 3 5 1
1 4 1 3 4 1 3 1
1 6 2 7 6 2 7 1
1 6 0 2 6 0 2 1
1 8 7 9 8 7 7 1
1 8 6 7 8 6 7 1
1 10 11 12 9 10 11 1
1 10 13 11 9 12 10 1
1 12 5 10 11 5 9 1
1 12 4 5 11 4 5 1
1 14 15 16 13 14 15 1
1 17 18 19 16 17 18 1
1 17 20 18 16 19 17 1
1 20 21 18 19 20 17 1
1 20 22 21 19 21 20 1
1 21 23 24 20 22 23 1
1 13 25 11 12 24 10 1
1 13 23 25 12 22 24 1
1 22 23 21 21 22 20 1
1 22 25 23 21 24 22 1
1 26 15 27 25 26 27 1
1 28 24 29 28 23 29 1
1 30 31 32 30 31 32 1
1 30 33 31 30 33 31 1
1 34 33 30 34 33 30 1
1 34 28 33 34 28 33 1
1 24 28 34 23 28 34 1

Materials: 5
"metal"
1.000000 1.000000 1.000000 1.000000
1.000000 1.000000 1.000000 1.000000
0.898039 0.898039 0.898039 1.000000
0.000000 0.000000 0.000000 1.000000
3435973632.000000
1.000000
"MetalPanel.png"
""
"blue panel"
1.000000 1.000000 1.000000 1.000000
1.000000 1.000000 1.000000 1.000000
0.898039 0.898039 0.898039 1.000000
0.000000 0.000000 0.000000 1.000000
3435973632.000000
1.000000
"Arrow-Blue.png"
""
"red panel"
1.000000 1.000000 1.000000 1.000000
1.000000 1.000000 1.000000 1.000000
0.898039 0.898039 0.898039 1.000000
0.000000 0.000000 0.000000 1.000000
3435973632.000000
1.000000
"Arrow-Red.png"
""
"backbar"
0.700000 0.000000 0.700000 1.000000
0.700000 0.000000 0.700000 1.000000
0.898039 0.898039 0.898039 1.000000
0.000000 0.000000 0.000000 1.000000
3435973632.000000
1.000000
""
""
"ShinyMetal"
1.000000 1.000000 1.000000 1.000000
1.000000 1.000000 1.000000 1.000000
0.898039 0.898039 0.898039 1.000000
0.000000 0.000000 0.000000 1.000000
3435973632.000000
1.000000
"ShinyMetal.png"
""

Bones: 0
GroupComments: 0
MaterialComments: 0
BoneComments: 0
ModelComment: 0
