Bones: 16
"torso"
""
29 0.000000 0.000000 0.000000 0.000000 0.000000 0.000000
46
0.000000 -0.180687 10.445850 -0.000018
1.000000 -0.208942 10.502076 -0.000018
2.000000 -0.233580 10.544076 -0.000018
3.000000 -0.253137 10.568789 -0.000018
4.000000 -0.266150 10.571625 -0.000018
5.000000 -0.271156 10.552073 -0.000018
6.000000 -0.266692 10.525050 -0.000018
7.000000 -0.251295 10.506478 -0.000018
8.000000 -0.223502 10.505352 -0.000018
9.000000 -0.181850 10.511148 -0.000018
10.000000 -0.124876 10.520778 -0.000018
11.000000 -0.048597 10.531740 -0.000018
12.000000 0.067011 10.541538 -0.000018
13.000000 0.218750 10.547676 -0.000018
14.000000 0.397703 10.546974 -0.000018
15.000000 0.594953 10.530803 -0.000018
16.000000 0.801582 10.500604 -0.000018
17.000000 1.008674 10.460708 -0.000018
18.000000 1.207311 10.415444 -0.000018
19.000000 1.388577 10.369143 -0.000018
20.000000 1.543553 10.326136 -0.000018
21.000000 1.663324 10.290750 -0.000018
22.000000 1.738971 10.267317 -0.000018
23.000000 1.761579 10.260167 -0.000018
24.000000 1.715962 10.269460 -0.000018
25.000000 1.602063 10.290761 -0.000018
26.000000 1.433655 10.321505 -0.000018
27.000000 1.224509 10.359127 -0.000018
28.000000 0.988394 10.401066 -0.000018
29.000000 0.739086 10.444755 -0.000018
30.000000 0.490355 10.487631 -0.000018
31.000000 0.255971 10.527129 -0.000018
32.000000 0.049708 10.560686 -0.000018
33.000000 -0.114663 10.585737 -0.000018
34.000000 -0.223371 10.600014 -0.000018
35.000000 -0.274352 10.608303 -0.000018
36.000000 -0.306205 10.613107 -0.000018
37.000000 -0.324655 10.614372 -0.000018
38.000000 -0.331182 10.612049 -0.000018
39.000000 -0.327267 10.606088 -0.000018
40.000000 -0.314390 10.596437 -0.000018
41.000000 -0.294034 10.583047 -0.000018
42.000000 -0.267678 10.565866 -0.000018
43.000000 -0.236803 10.542805 -0.000018
44.000000 -0.202891 10.497768 -0.000018
45.000000 -0.167422 10.431804 -0.000018
46
0.000000 0.041486 -0.082315 0.041779
1.000000 0.039449 -0.092437 0.030524
2.000000 0.029666 -0.106467 0.020449
3.000000 0.014242 -0.124977 0.012084
4.000000 -0.004722 -0.148541 0.005801
5.000000 -0.025124 -0.177728 0.000789
6.000000 -0.044862 -0.213115 -0.003154
7.000000 -0.061833 -0.258631 -0.006022
8.000000 -0.074242 -0.319190 -0.007804
9.000000 -0.082810 -0.392077 -0.008489
10.000000 -0.087909 -0.474416 -0.008069
11.000000 -0.089635 -0.563329 -0.006534
12.000000 -0.088088 -0.655944 -0.001787
13.000000 -0.083368 -0.749382 0.011802
14.000000 -0.075575 -0.840769 0.028506
15.000000 -0.064806 -0.927228 0.041495
16.000000 -0.051163 -1.005884 0.043939
17.000000 -0.032227 -1.073860 0.031014
18.000000 -0.001952 -1.128282 0.007583
19.000000 0.034386 -1.166273 -0.022513
20.000000 0.070595 -1.185011 -0.055821
21.000000 0.100496 -1.186138 -0.088897
22.000000 0.117901 -1.171319 -0.118292
23.000000 0.116655 -1.140010 -0.140561
24.000000 0.100702 -1.091666 -0.154913
25.000000 0.077218 -1.025740 -0.167106
26.000000 0.047647 -0.941689 -0.177316
27.000000 0.013435 -0.847610 -0.185296
28.000000 -0.023969 -0.753350 -0.190793
29.000000 -0.063116 -0.660982 -0.193557
30.000000 -0.102562 -0.572580 -0.193335
31.000000 -0.140857 -0.490216 -0.189879
32.000000 -0.176556 -0.415969 -0.182933
33.000000 -0.208209 -0.351909 -0.172845
34.000000 -0.234370 -0.300110 -0.160420
35.000000 -0.253593 -0.258160 -0.145967
36.000000 -0.264430 -0.221598 -0.129794
37.000000 -0.269115 -0.190059 -0.112211
38.000000 -0.271183 -0.163179 -0.093525
39.000000 -0.270950 -0.140597 -0.074047
40.000000 -0.268738 -0.121949 -0.054083
41.000000 -0.264866 -0.106875 -0.033943
42.000000 -0.259653 -0.095013 -0.013935
43.000000 -0.253419 -0.085999 0.005632
44.000000 -0.246484 -0.079472 0.024449
45.000000 -0.239169 -0.075068 0.042207
"head"
""
29 0.000000 0.000000 0.000000 0.000000 0.000000 0.000000
46
0.000000 -0.435703 14.722280 -0.143214
1.000000 -0.417096 14.782112 -0.147723
2.000000 -0.395236 14.828807 -0.175918
3.000000 -0.369838 14.858340 -0.221071
4.000000 -0.340066 14.865222 -0.276373
5.000000 -0.301503 14.848390 -0.334912
6.000000 -0.252094 14.822625 -0.389696
7.000000 -0.190901 14.804236 -0.433651
8.000000 -0.116845 14.802971 -0.460467
9.000000 -0.025092 14.808671 -0.471230
10.000000 0.082722 14.818631 -0.465468
11.000000 0.205058 14.830585 -0.443352
12.000000 0.349945 14.842255 -0.407180
13.000000 0.491747 14.851499 -0.360383
14.000000 0.636001 14.853477 -0.307191
15.000000 0.793319 14.838536 -0.252084
16.000000 0.975914 14.808589 -0.199118
17.000000 1.184011 14.768994 -0.147536
18.000000 1.377263 14.723468 -0.091570
19.000000 1.552219 14.676042 -0.038396
20.000000 1.710113 14.631339 0.008569
21.000000 1.851904 14.594090 0.047203
22.000000 1.977723 14.568721 0.073575
23.000000 2.087348 14.558505 0.078995
24.000000 2.155021 14.559789 0.057147
25.000000 2.172954 14.566345 0.011010
26.000000 2.142756 14.575252 -0.063231
27.000000 2.062175 14.585039 -0.169185
28.000000 1.934281 14.594583 -0.302798
29.000000 1.764516 14.603562 -0.456317
30.000000 1.561148 14.612248 -0.620091
31.000000 1.336061 14.621101 -0.783223
32.000000 1.104573 14.630531 -0.934582
33.000000 0.886571 14.640305 -1.063594
34.000000 0.705048 14.650213 -1.160183
35.000000 0.567515 14.665861 -1.219622
36.000000 0.437691 14.688781 -1.241497
37.000000 0.315077 14.714318 -1.235962
38.000000 0.202023 14.736924 -1.217513
39.000000 0.098607 14.754152 -1.191323
40.000000 0.005802 14.764031 -1.162719
41.000000 -0.076905 14.765183 -1.137077
42.000000 -0.150089 14.758656 -1.113039
43.000000 -0.214169 14.744001 -1.087066
44.000000 -0.269663 14.705235 -1.060097
45.000000 -0.317080 14.643586 -1.033041
46
0.000000 -0.163054 0.014019 0.013149
1.000000 -0.163602 0.010972 -0.008926
2.000000 -0.164317 0.006677 -0.031729
3.000000 -0.165221 0.000944 -0.054870
4.000000 -0.166335 -0.006412 -0.077953
5.000000 -0.167681 -0.015581 -0.100585
6.000000 -0.169280 -0.026749 -0.122374
7.000000 -0.171154 -0.040105 -0.142925
8.000000 -0.173325 -0.057411 -0.161844
9.000000 -0.175814 -0.087610 -0.178740
10.000000 -0.178642 -0.128537 -0.193217
11.000000 -0.181833 -0.175931 -0.204883
12.000000 -0.185406 -0.225534 -0.213345
13.000000 -0.189383 -0.273087 -0.218418
14.000000 -0.193787 -0.314330 -0.221582
15.000000 -0.198639 -0.345002 -0.223274
16.000000 -0.203960 -0.363359 -0.223583
17.000000 -0.209771 -0.376327 -0.222601
18.000000 -0.216096 -0.384979 -0.220417
19.000000 -0.222955 -0.389664 -0.217123
20.000000 -0.230368 -0.390726 -0.212806
21.000000 -0.238360 -0.388511 -0.207560
22.000000 -0.246952 -0.383364 -0.201472
23.000000 -0.256162 -0.375630 -0.194633
24.000000 -0.266015 -0.365656 -0.187136
25.000000 -0.276532 -0.352457 -0.179068
26.000000 -0.290852 -0.327662 -0.170520
27.000000 -0.328843 -0.293672 -0.161583
28.000000 -0.386186 -0.255275 -0.152347
29.000000 -0.453358 -0.217260 -0.142902
30.000000 -0.520835 -0.184414 -0.133338
31.000000 -0.579095 -0.159932 -0.123746
32.000000 -0.618615 -0.136988 -0.114215
33.000000 -0.629872 -0.114303 -0.104837
34.000000 -0.609513 -0.092118 -0.095700
35.000000 -0.572688 -0.070679 -0.086897
36.000000 -0.524488 -0.050226 -0.077989
37.000000 -0.469030 -0.031005 -0.067183
38.000000 -0.410436 -0.013257 -0.054616
39.000000 -0.352825 0.002774 -0.040628
40.000000 -0.300319 0.016844 -0.025558
41.000000 -0.257038 0.028712 -0.009746
42.000000 -0.227100 0.038086 0.006470
43.000000 -0.210707 0.043712 0.022751
44.000000 -0.197810 0.045653 0.038757
45.000000 -0.187376 0.044639 0.054150
"pelvis"
""
29 0.000000 0.000000 0.000000 0.000000 0.000000 0.000000
46
0.000000 -0.180687 10.445850 -0.000018
1.000000 -0.208942 10.502076 -0.000018
2.000000 -0.233580 10.544076 -0.000018
3.000000 -0.253137 10.568789 -0.000018
4.000000 -0.266150 10.571625 -0.000018
5.000000 -0.271156 10.552073 -0.000018
6.000000 -0.266692 10.525050 -0.000018
7.000000 -0.251295 10.506478 -0.000018
8.000000 -0.223502 10.505352 -0.000018
9.000000 -0.181850 10.511148 -0.000018
10.000000 -0.124876 10.520778 -0.000018
11.000000 -0.048597 10.531740 -0.000018
12.000000 0.067011 10.541538 -0.000018
13.000000 0.218750 10.547676 -0.000018
14.000000 0.397703 10.546974 -0.000018
15.000000 0.594953 10.530803 -0.000018
16.000000 0.801582 10.500604 -0.000018
17.000000 1.008674 10.460708 -0.000018
18.000000 1.207311 10.415444 -0.000018
19.000000 1.388577 10.369143 -0.000018
20.000000 1.543553 10.326136 -0.000018
21.000000 1.663324 10.290750 -0.000018
22.000000 1.738971 10.267317 -0.000018
23.000000 1.761579 10.260167 -0.000018
24.000000 1.715962 10.269460 -0.000018
25.000000 1.602063 10.290761 -0.000018
26.000000 1.433655 10.321505 -0.000018
27.000000 1.224509 10.359127 -0.000018
28.000000 0.988394 10.401066 -0.000018
29.000000 0.739086 10.444755 -0.000018
30.000000 0.490355 10.487631 -0.000018
31.000000 0.255971 10.527129 -0.000018
32.000000 0.049708 10.560686 -0.000018
33.000000 -0.114663 10.585737 -0.000018
34.000000 -0.223371 10.600014 -0.000018
35.000000 -0.274352 10.608303 -0.000018
36.000000 -0.306205 10.613107 -0.000018
37.000000 -0.324655 10.614372 -0.000018
38.000000 -0.331182 10.612049 -0.000018
39.000000 -0.327267 10.606088 -0.000018
40.000000 -0.314390 10.596437 -0.000018
41.000000 -0.294034 10.583047 -0.000018
42.000000 -0.267678 10.565866 -0.000018
43.000000 -0.236803 10.542805 -0.000018
44.000000 -0.202891 10.497768 -0.000018
45.000000 -0.167422 10.431804 -0.000018
46
0.000000 -0.042635 0.100111 0.018407
1.000000 -0.038519 0.128208 0.017779
2.000000 -0.034495 0.149081 0.019647
3.000000 -0.030689 0.160982 0.023231
4.000000 -0.027220 0.162168 0.028256
5.000000 -0.024212 0.150892 0.034445
6.000000 -0.021786 0.125407 0.041522
7.000000 -0.019648 0.077391 0.049210
8.000000 -0.017127 -0.006733 0.057235
9.000000 -0.015606 -0.120019 0.065319
10.000000 -0.016618 -0.254590 0.073187
11.000000 -0.021701 -0.399798 0.080565
12.000000 -0.032855 -0.533753 0.087852
13.000000 -0.055341 -0.652514 0.099459
14.000000 -0.084900 -0.755206 0.113506
15.000000 -0.114733 -0.840952 0.126655
16.000000 -0.138042 -0.908877 0.135571
17.000000 -0.148026 -0.958106 0.136912
18.000000 -0.143499 -0.987760 0.127572
19.000000 -0.132633 -0.997067 0.112647
20.000000 -0.117018 -0.993715 0.095806
21.000000 -0.098055 -0.982355 0.077490
22.000000 -0.077141 -0.962152 0.058131
23.000000 -0.055674 -0.932273 0.038166
24.000000 -0.035053 -0.891884 0.018031
25.000000 -0.016680 -0.840519 -0.001838
26.000000 -0.001948 -0.782308 -0.021004
27.000000 0.007737 -0.719403 -0.039034
28.000000 0.011429 -0.652802 -0.055489
29.000000 0.012859 -0.583510 -0.069936
30.000000 0.013257 -0.512525 -0.081936
31.000000 0.012708 -0.440849 -0.091056
32.000000 0.011301 -0.369481 -0.096859
33.000000 0.009121 -0.299426 -0.098957
34.000000 0.006254 -0.231682 -0.097803
35.000000 0.002787 -0.167327 -0.093872
36.000000 -0.001193 -0.108717 -0.087489
37.000000 -0.005602 -0.056577 -0.078978
38.000000 -0.010352 -0.010880 -0.068664
39.000000 -0.015356 0.028400 -0.056871
40.000000 -0.020529 0.061290 -0.043924
41.000000 -0.025784 0.087819 -0.030148
42.000000 -0.031036 0.108010 -0.015866
43.000000 -0.036196 0.121894 -0.001404
44.000000 -0.041181 0.129495 0.012912
45.000000 -0.045902 0.124870 0.026762
"r lower arm"
""
29 0.000000 0.000000 0.000000 0.000000 0.000000 0.000000
46
0.000000 2.064673 10.565434 0.009036
1.000000 2.035411 10.595769 0.242644
2.000000 1.981798 10.628573 0.502004
3.000000 1.896950 10.669194 0.778086
4.000000 1.777829 10.718246 1.059203
5.000000 1.625049 10.769625 1.323478
6.000000 1.443954 10.808751 1.519181
7.000000 1.253559 10.840384 1.656252
8.000000 1.072541 10.871740 1.759003
9.000000 0.911068 10.896700 1.840291
10.000000 0.768961 10.920121 1.913931
11.000000 0.641115 10.944652 1.984221
12.000000 0.539410 10.967799 2.042336
13.000000 0.456166 10.982951 2.073037
14.000000 0.395828 10.982960 2.079146
15.000000 0.372217 10.956821 2.068959
16.000000 0.397322 10.903194 2.040729
17.000000 0.483723 10.822901 1.998038
18.000000 0.627858 10.712747 1.948273
19.000000 0.826896 10.584661 1.890931
20.000000 1.070602 10.455647 1.833977
21.000000 1.340872 10.342556 1.812409
22.000000 1.620097 10.252422 1.819724
23.000000 1.891026 10.190712 1.834046
24.000000 2.121722 10.153121 1.831231
25.000000 2.288056 10.128551 1.789216
26.000000 2.394663 10.112920 1.710612
27.000000 2.485121 10.097098 1.581599
28.000000 2.556566 10.079759 1.380946
29.000000 2.600006 10.064721 1.104978
30.000000 2.609720 10.058157 0.764516
31.000000 2.573107 10.067806 0.423492
32.000000 2.495934 10.089541 0.106933
33.000000 2.393799 10.115839 -0.175623
34.000000 2.295775 10.140974 -0.423929
35.000000 2.213057 10.169208 -0.638503
36.000000 2.118066 10.205846 -0.834803
37.000000 2.016002 10.255925 -1.060383
38.000000 1.910615 10.331455 -1.356414
39.000000 1.795992 10.407104 -1.582011
40.000000 1.688605 10.420923 -1.574991
41.000000 1.602164 10.434679 -1.562019
42.000000 1.540154 10.446933 -1.543731
43.000000 1.526556 10.409823 -1.318821
44.000000 1.559611 10.368646 -1.081678
45.000000 1.632115 10.330023 -0.904608
46
0.000000 0.639223 0.408322 0.335983
1.000000 0.638516 0.358007 0.294541
2.000000 0.624396 0.302686 0.250735
3.000000 0.589929 0.240041 0.207186
4.000000 0.528598 0.166766 0.167413
5.000000 0.438862 0.080038 0.134683
6.000000 0.343201 -0.021659 0.111528
7.000000 0.251494 -0.135728 0.099576
8.000000 0.170118 -0.253685 0.096964
9.000000 0.099816 -0.369837 0.101199
10.000000 0.043851 -0.482329 0.111393
11.000000 0.003023 -0.595645 0.130322
12.000000 -0.028528 -0.716303 0.165688
13.000000 -0.063402 -0.849100 0.231601
14.000000 -0.106511 -0.982465 0.330375
15.000000 -0.155707 -1.097270 0.452478
16.000000 -0.215050 -1.191416 0.595418
17.000000 -0.280619 -1.265453 0.753255
18.000000 -0.330382 -1.322896 0.907108
19.000000 -0.342530 -1.368706 1.024268
20.000000 -0.256359 -1.403773 1.034962
21.000000 0.083058 -1.406663 0.778742
22.000000 0.473216 -1.356154 0.457754
23.000000 0.708331 -1.261014 0.279002
24.000000 0.836828 -1.145589 0.198422
25.000000 0.924662 -1.029711 0.153625
26.000000 0.994076 -0.909256 0.123053
27.000000 1.047294 -0.786770 0.109474
28.000000 1.089312 -0.675015 0.107204
29.000000 1.121453 -0.576388 0.111283
30.000000 1.138620 -0.490730 0.119345
31.000000 1.119973 -0.421394 0.132689
32.000000 1.071658 -0.361686 0.145617
33.000000 1.002676 -0.305212 0.153676
34.000000 0.917739 -0.252759 0.156515
35.000000 0.819420 -0.205931 0.153997
36.000000 0.707692 -0.163165 0.147491
37.000000 0.579551 -0.122556 0.137866
38.000000 0.417391 -0.084719 0.126987
39.000000 0.290492 -0.049778 0.116705
40.000000 0.280427 -0.017155 0.108568
41.000000 0.272216 0.013186 0.103670
42.000000 0.265473 0.042010 0.103715
43.000000 0.359929 0.073677 0.111546
44.000000 0.459486 0.112326 0.129354
45.000000 0.531116 0.163808 0.157337
"r foot"
""
29 0.000000 0.000000 0.000000 0.000000 0.000000 0.000000
46
0.000000 1.102000 1.304517 0.389489
1.000000 1.124039 1.470430 0.389489
2.000000 1.151602 1.927665 0.389490
3.000000 1.185307 2.593164 0.389490
4.000000 1.225773 3.380752 0.389489
5.000000 1.273617 4.204256 0.389489
6.000000 1.329457 4.977496 0.389489
7.000000 1.414573 5.614298 0.389489
8.000000 1.567610 6.028486 0.389489
9.000000 1.763571 6.127177 0.389489
10.000000 1.974569 5.853045 0.389490
11.000000 2.172712 5.289792 0.389489
12.000000 2.330110 4.535501 0.389489
13.000000 2.418873 3.688261 0.389489
14.000000 2.455871 2.846153 0.389489
15.000000 2.481356 2.107264 0.389489
16.000000 2.497199 1.569683 0.389489
17.000000 2.505250 1.331488 0.389489
18.000000 2.507362 1.305230 0.389489
19.000000 2.505383 1.280400 0.389489
20.000000 2.501168 1.257727 0.389489
21.000000 2.496567 1.239158 0.389489
22.000000 2.493428 1.226640 0.389489
23.000000 2.492566 1.222122 0.389489
24.000000 2.489693 1.227549 0.389489
25.000000 2.484689 1.244870 0.389489
26.000000 2.478244 1.276418 0.389490
27.000000 2.471054 1.329556 0.389489
28.000000 2.463808 1.402025 0.389489
29.000000 2.457200 1.487987 0.389489
30.000000 2.451922 1.581600 0.389489
31.000000 2.448668 1.677028 0.389489
32.000000 2.443978 1.768430 0.389489
33.000000 2.385144 1.849967 0.389489
34.000000 2.270692 1.915800 0.389490
35.000000 2.119568 1.960091 0.389490
36.000000 1.950719 1.974546 0.389489
37.000000 1.783089 1.876996 0.389489
38.000000 1.635540 1.689564 0.389489
39.000000 1.512467 1.494176 0.389489
40.000000 1.407929 1.372761 0.389489
41.000000 1.320420 1.329560 0.389489
42.000000 1.248432 1.295166 0.389489
43.000000 1.190456 1.268353 0.389489
44.000000 1.144984 1.248216 0.389490
45.000000 1.110509 1.233847 0.389489
46
0.000000 -0.079169 -0.223323 0.113649
1.000000 -0.097603 -0.225243 0.115137
2.000000 -0.134554 -0.227847 0.117021
3.000000 -0.189227 -0.231232 0.119346
4.000000 -0.257440 -0.235493 0.122158
5.000000 -0.335011 -0.242946 0.125504
6.000000 -0.417758 -0.291860 0.130660
7.000000 -0.501498 -0.385403 0.174985
8.000000 -0.575047 -0.509531 0.253435
9.000000 -0.625481 -0.650201 0.335216
10.000000 -0.646004 -0.793371 0.389533
11.000000 -0.629818 -0.924998 0.385593
12.000000 -0.570128 -1.031040 0.308309
13.000000 -0.468715 -1.097453 0.232125
14.000000 -0.372559 -1.112355 0.170051
15.000000 -0.289344 -1.110478 0.120614
16.000000 -0.218427 -1.108467 0.082338
17.000000 -0.159165 -1.106244 0.053746
18.000000 -0.110917 -1.103731 0.033366
19.000000 -0.073043 -1.100851 0.019724
20.000000 -0.044899 -1.097528 0.011343
21.000000 -0.025847 -1.093685 0.006746
22.000000 -0.015246 -1.089243 0.004465
23.000000 -0.012451 -1.084125 0.003019
24.000000 -0.018093 -1.078257 0.002041
25.000000 -0.037633 -1.071558 0.006170
26.000000 -0.069301 -1.063954 0.014936
27.000000 -0.110158 -1.055365 0.026937
28.000000 -0.157276 -1.045717 0.040777
29.000000 -0.207722 -1.034931 0.055055
30.000000 -0.258566 -1.022929 0.068374
31.000000 -0.306873 -1.002992 0.079333
32.000000 -0.349713 -0.921893 0.086535
33.000000 -0.384154 -0.788349 0.088580
34.000000 -0.407266 -0.627506 0.087092
35.000000 -0.416031 -0.464513 0.086242
36.000000 -0.393332 -0.324517 0.086017
37.000000 -0.337605 -0.232667 0.086348
38.000000 -0.262910 -0.210478 0.087163
39.000000 -0.183307 -0.210704 0.088394
40.000000 -0.112857 -0.211184 0.089971
41.000000 -0.065622 -0.211876 0.091824
42.000000 -0.053314 -0.212734 0.093882
43.000000 -0.051574 -0.213717 0.096076
44.000000 -0.050124 -0.214782 0.098336
45.000000 -0.048939 -0.215882 0.100593
"r hand"
""
29 0.000000 0.000000 0.000000 0.000000 0.000000 0.000000
46
0.000000 2.226483 8.852324 -1.166052
1.000000 2.183815 8.894014 -0.950573
2.000000 2.131126 8.923400 -0.686206
3.000000 2.067364 8.937366 -0.367990
4.000000 1.991475 8.931276 0.009035
5.000000 1.895330 8.904572 0.434499
6.000000 1.765068 8.872112 0.820558
7.000000 1.610952 8.849774 1.154750
8.000000 1.444449 8.846502 1.439858
9.000000 1.277028 8.851778 1.678661
10.000000 1.120157 8.866632 1.873940
11.000000 0.987826 8.890487 2.028475
12.000000 0.910062 8.919916 2.145049
13.000000 0.893673 8.951495 2.226440
14.000000 0.939748 8.981115 2.275429
15.000000 1.049375 8.999218 2.294798
16.000000 1.223641 9.006316 2.287325
17.000000 1.470430 9.005814 2.255645
18.000000 1.789262 9.001109 2.199662
19.000000 2.155491 8.995605 2.117866
20.000000 2.544017 8.992702 2.008897
21.000000 2.929750 8.995802 1.871393
22.000000 3.287592 9.008306 1.703995
23.000000 3.592448 9.033615 1.505343
24.000000 3.812954 9.070960 1.274075
25.000000 3.932876 9.114979 1.008833
26.000000 3.954511 9.162176 0.708255
27.000000 3.929956 9.209060 0.370981
28.000000 3.874809 9.252140 -0.004349
29.000000 3.789770 9.287918 -0.419095
30.000000 3.675538 9.307917 -0.861193
31.000000 3.532813 9.280958 -1.250304
32.000000 3.362296 9.209597 -1.571420
33.000000 3.169695 9.102700 -1.822830
34.000000 2.985954 8.969432 -2.002821
35.000000 2.823968 8.826011 -2.109682
36.000000 2.654295 8.686373 -2.155945
37.000000 2.480371 8.561897 -2.181270
38.000000 2.309871 8.463966 -2.189984
39.000000 2.145426 8.439871 -2.173322
40.000000 2.003080 8.442911 -2.149734
41.000000 1.890258 8.448724 -2.123037
42.000000 1.813174 8.455662 -2.093329
43.000000 1.777421 8.477388 -2.056736
44.000000 1.784778 8.516408 -2.009187
45.000000 1.829669 8.543981 -1.959493
46
0.000000 0.923039 0.473180 0.342977
1.000000 0.879950 0.440488 0.267486
2.000000 0.829651 0.401457 0.195223
3.000000 0.771695 0.355561 0.128738
4.000000 0.705628 0.302273 0.070584
5.000000 0.631001 0.241069 0.023312
6.000000 0.547362 0.171422 -0.010525
7.000000 0.454262 0.092809 -0.028378
8.000000 0.351249 0.004702 -0.027692
9.000000 0.237871 -0.093424 -0.005917
10.000000 0.113680 -0.202094 0.039499
11.000000 -0.021776 -0.321833 0.111107
12.000000 -0.168948 -0.453168 0.211461
13.000000 -0.328288 -0.596624 0.350523
14.000000 -0.500243 -0.752726 0.564164
15.000000 -0.685268 -0.922001 0.833824
16.000000 -0.881386 -1.079943 1.132289
17.000000 -1.071079 -1.203452 1.432349
18.000000 -1.243665 -1.295160 1.706794
19.000000 -1.390514 -1.357700 1.928405
20.000000 -1.502991 -1.393702 2.074865
21.000000 -1.572466 -1.405797 2.170609
22.000000 -1.590301 -1.396618 2.216831
23.000000 -1.547871 -1.368798 2.204632
24.000000 -1.377930 -1.324966 2.125124
25.000000 -0.831949 -1.267755 1.969403
26.000000 -0.128282 -1.199796 1.413633
27.000000 0.443684 -1.123722 0.597103
28.000000 0.638722 -1.042163 0.347076
29.000000 0.720020 -0.957751 0.265567
30.000000 0.791898 -0.873119 0.220358
31.000000 0.854883 -0.788032 0.207928
32.000000 0.909507 -0.700897 0.224749
33.000000 0.956300 -0.612297 0.267296
34.000000 0.995791 -0.522821 0.332045
35.000000 1.028510 -0.433052 0.412003
36.000000 1.054990 -0.343580 0.484441
37.000000 1.075758 -0.254988 0.546485
38.000000 1.091343 -0.167864 0.598912
39.000000 1.102279 -0.082793 0.642495
40.000000 1.109093 -0.000362 0.678010
41.000000 1.112316 0.078844 0.706230
42.000000 1.112477 0.154237 0.727932
43.000000 1.110109 0.225231 0.743890
44.000000 1.105739 0.291242 0.754878
45.000000 1.099898 0.351682 0.761671
"r leg"
""
29 0.000000 0.000000 0.000000 0.000000 0.000000 0.000000
46
0.000000 0.985108 5.206461 -0.550649
1.000000 1.009431 5.314665 -0.764380
2.000000 1.080866 5.560382 -1.319619
3.000000 1.156200 5.897243 -1.891937
4.000000 1.221762 6.279670 -2.388811
5.000000 1.273741 6.665908 -2.782728
6.000000 1.336738 7.029678 -3.061769
7.000000 1.453736 7.363652 -3.224501
8.000000 1.673025 7.680926 -3.268519
9.000000 2.021204 7.951142 -3.178349
10.000000 2.494227 8.087033 -2.906255
11.000000 3.017765 8.022146 -2.428811
12.000000 3.446558 7.712943 -1.796853
13.000000 3.626848 7.205635 -1.124304
14.000000 3.513043 6.610357 -0.524756
15.000000 3.161006 6.040092 -0.050549
16.000000 2.673217 5.580167 0.301601
17.000000 2.389219 5.344235 0.473648
18.000000 2.615947 5.318597 0.451049
19.000000 2.819119 5.283229 0.429787
20.000000 2.989467 5.243192 0.407397
21.000000 3.121973 5.205454 0.382273
22.000000 3.213744 5.176655 0.354500
23.000000 3.259960 5.162861 0.323350
24.000000 3.254568 5.167994 0.286750
25.000000 3.205900 5.192062 0.240428
26.000000 3.122831 5.234188 0.181497
27.000000 3.020486 5.296819 0.103755
28.000000 2.898111 5.375275 0.005615
29.000000 2.755767 5.460535 -0.112919
30.000000 2.596670 5.543938 -0.244247
31.000000 2.422544 5.616793 -0.385274
32.000000 2.231690 5.669709 -0.536603
33.000000 2.014162 5.694874 -0.706755
34.000000 1.768827 5.688977 -0.888774
35.000000 1.502036 5.657721 -1.048872
36.000000 1.303982 5.630727 -1.139158
37.000000 1.181573 5.565185 -1.079570
38.000000 1.104885 5.462854 -0.876752
39.000000 1.040100 5.357966 -0.595743
40.000000 0.988958 5.291815 -0.377433
41.000000 0.962945 5.266535 -0.314169
42.000000 0.948234 5.245034 -0.267100
43.000000 0.944815 5.225357 -0.246490
44.000000 0.957642 5.198836 -0.303472
45.000000 0.982768 5.165525 -0.415671
46
0.000000 -0.236569 -0.128117 0.060980
1.000000 -0.292167 -0.127180 0.068179
2.000000 -0.441633 -0.125102 0.078661
3.000000 -0.607687 -0.121596 0.093286
4.000000 -0.768908 -0.116021 0.113315
5.000000 -0.916727 -0.108225 0.140426
6.000000 -1.042125 -0.105824 0.176057
7.000000 -1.132751 -0.117714 0.224370
8.000000 -1.171792 -0.155404 0.289720
9.000000 -1.151366 -0.236648 0.345700
10.000000 -1.074423 -0.369344 0.361310
11.000000 -0.959669 -0.543400 0.337625
12.000000 -0.819291 -0.731758 0.284548
13.000000 -0.654353 -0.904592 0.213472
14.000000 -0.467369 -1.043006 0.138944
15.000000 -0.265019 -1.142065 0.072492
16.000000 -0.060483 -1.211142 0.014403
17.000000 0.069891 -1.257901 -0.035932
18.000000 0.057051 -1.289751 -0.080180
19.000000 0.040479 -1.308612 -0.115620
20.000000 0.019507 -1.316920 -0.139094
21.000000 -0.005412 -1.316984 -0.149455
22.000000 -0.032171 -1.310926 -0.147588
23.000000 -0.059554 -1.298573 -0.133271
24.000000 -0.087318 -1.279013 -0.106399
25.000000 -0.116412 -1.250439 -0.068515
26.000000 -0.145702 -1.210471 -0.023336
27.000000 -0.175962 -1.156498 0.025341
28.000000 -0.204807 -1.085868 0.074436
29.000000 -0.231321 -0.998296 0.121935
30.000000 -0.254560 -0.898774 0.165774
31.000000 -0.274815 -0.786052 0.204834
32.000000 -0.293272 -0.654709 0.237343
33.000000 -0.316063 -0.508097 0.254893
34.000000 -0.344187 -0.351515 0.255709
35.000000 -0.372098 -0.195880 0.241688
36.000000 -0.391323 -0.110305 0.220693
37.000000 -0.374218 -0.084559 0.194999
38.000000 -0.320380 -0.088467 0.169201
39.000000 -0.247340 -0.096910 0.146261
40.000000 -0.191474 -0.103537 0.126724
41.000000 -0.175457 -0.108738 0.109986
42.000000 -0.163577 -0.113382 0.094733
43.000000 -0.158419 -0.117500 0.080937
44.000000 -0.172986 -0.121043 0.068701
45.000000 -0.201725 -0.124143 0.058024
"r thigh"
""
29 0.000000 0.000000 0.000000 0.000000 0.000000 0.000000
46
0.000000 0.643160 9.184298 0.216972
1.000000 0.619240 9.238890 0.189183
2.000000 0.599993 9.281340 0.167244
3.000000 0.586134 9.307999 0.152801
4.000000 0.578937 9.314086 0.147458
5.000000 0.579433 9.298885 0.152762
6.000000 0.588231 9.277067 0.170188
7.000000 0.603931 9.264076 0.205771
8.000000 0.621663 9.268037 0.268446
9.000000 0.638322 9.278020 0.352169
10.000000 0.650849 9.290439 0.449249
11.000000 0.661574 9.302488 0.549455
12.000000 0.700075 9.313009 0.638160
13.000000 0.769126 9.323636 0.718408
14.000000 0.863185 9.328998 0.785593
15.000000 0.979362 9.317773 0.835514
16.000000 1.116091 9.289490 0.866937
17.000000 1.271757 9.246964 0.880288
18.000000 1.438007 9.194654 0.879628
19.000000 1.604663 9.140907 0.872946
20.000000 1.758691 9.090064 0.862054
21.000000 1.885829 9.046086 0.847702
22.000000 1.976457 9.013461 0.829905
23.000000 2.020814 8.996602 0.808391
24.000000 2.002750 8.995713 0.782700
25.000000 1.920856 9.006420 0.752421
26.000000 1.784264 9.026372 0.719030
27.000000 1.604263 9.053530 0.684473
28.000000 1.393986 9.085919 0.650527
29.000000 1.170417 9.120426 0.614337
30.000000 0.948120 9.154654 0.575261
31.000000 0.740854 9.186568 0.533938
32.000000 0.562546 9.214181 0.491149
33.000000 0.427220 9.235494 0.447788
34.000000 0.347923 9.248330 0.404827
35.000000 0.326064 9.257453 0.363343
36.000000 0.322314 9.265368 0.325384
37.000000 0.330975 9.271877 0.291839
38.000000 0.350785 9.276724 0.262947
39.000000 0.380371 9.279622 0.238855
40.000000 0.418253 9.280266 0.219641
41.000000 0.462852 9.278332 0.205328
42.000000 0.512494 9.273476 0.195902
43.000000 0.565424 9.263295 0.191322
44.000000 0.619807 9.231354 0.191520
45.000000 0.672553 9.178301 0.201224
46
0.000000 0.187232 -0.128117 0.060980
1.000000 0.234191 -0.127180 0.068179
2.000000 0.372287 -0.125102 0.078661
3.000000 0.525157 -0.121596 0.093286
4.000000 0.671662 -0.116021 0.113315
5.000000 0.803970 -0.108225 0.140426
6.000000 0.915634 -0.105824 0.176056
7.000000 1.002928 -0.117714 0.224370
8.000000 1.064290 -0.155404 0.289720
9.000000 1.093119 -0.236648 0.345700
10.000000 1.077677 -0.369345 0.361310
11.000000 1.020720 -0.543400 0.337625
12.000000 0.930883 -0.731758 0.284548
13.000000 0.819484 -0.904592 0.213472
14.000000 0.691035 -1.043006 0.138944
15.000000 0.548255 -1.142065 0.072492
16.000000 0.401959 -1.211142 0.014403
17.000000 0.326150 -1.257901 -0.035932
18.000000 0.385229 -1.289751 -0.080180
19.000000 0.429610 -1.308612 -0.115620
20.000000 0.457216 -1.316920 -0.139094
21.000000 0.469304 -1.316984 -0.149455
22.000000 0.468427 -1.310926 -0.147588
23.000000 0.455727 -1.298573 -0.133271
24.000000 0.433870 -1.279013 -0.106399
25.000000 0.407293 -1.250439 -0.068515
26.000000 0.380205 -1.210471 -0.023336
27.000000 0.358492 -1.156498 0.025341
28.000000 0.342929 -1.085868 0.074436
29.000000 0.332156 -0.998297 0.121935
30.000000 0.325296 -0.898774 0.165774
31.000000 0.321207 -0.786052 0.204834
32.000000 0.319810 -0.654709 0.237343
33.000000 0.326442 -0.508097 0.254893
34.000000 0.341040 -0.351516 0.255709
35.000000 0.357157 -0.195880 0.241688
36.000000 0.365960 -0.110305 0.220693
37.000000 0.340493 -0.084559 0.194999
38.000000 0.280632 -0.088467 0.169201
39.000000 0.203382 -0.096910 0.146261
40.000000 0.144059 -0.103537 0.126724
41.000000 0.124833 -0.108738 0.109986
42.000000 0.110864 -0.113382 0.094733
43.000000 0.104665 -0.117500 0.080937
44.000000 0.118918 -0.121043 0.068701
45.000000 0.149354 -0.124143 0.058024
"r upper arm"
""
29 0.000000 0.000000 0.000000 0.000000 0.000000 0.000000
46
0.000000 1.156520 13.484733 0.120287
1.000000 1.161649 13.525687 0.129041
2.000000 1.168548 13.553544 0.120553
3.000000 1.177376 13.565558 0.102016
4.000000 1.188722 13.557297 0.080683
5.000000 1.206413 13.526987 0.063862
6.000000 1.231805 13.489581 0.058855
7.000000 1.264325 13.461851 0.077874
8.000000 1.301425 13.453941 0.133477
9.000000 1.341052 13.455665 0.219060
10.000000 1.380566 13.464141 0.328102
11.000000 1.420054 13.476954 0.454058
12.000000 1.470674 13.494380 0.589775
13.000000 1.511508 13.520272 0.727890
14.000000 1.551435 13.541013 0.861399
15.000000 1.605116 13.538815 0.984273
16.000000 1.689301 13.510064 1.092000
17.000000 1.809164 13.459231 1.185508
18.000000 1.930594 13.398566 1.270905
19.000000 2.053065 13.335240 1.340925
20.000000 2.181371 13.274272 1.392491
21.000000 2.314182 13.219748 1.426428
22.000000 2.448824 13.175580 1.440647
23.000000 2.583863 13.145416 1.427072
24.000000 2.689319 13.128695 1.383726
25.000000 2.758482 13.116266 1.310180
26.000000 2.795255 13.105309 1.197430
27.000000 2.790067 13.096753 1.044891
28.000000 2.734831 13.092690 0.861678
29.000000 2.634033 13.093777 0.655160
30.000000 2.495525 13.100509 0.435371
31.000000 2.330954 13.112871 0.213957
32.000000 2.155670 13.130183 0.003043
33.000000 1.989621 13.149893 -0.185748
34.000000 1.855972 13.168445 -0.341919
35.000000 1.763575 13.190804 -0.463641
36.000000 1.677284 13.220202 -0.553395
37.000000 1.596566 13.253490 -0.617570
38.000000 1.524060 13.286237 -0.666501
39.000000 1.460045 13.317266 -0.701748
40.000000 1.404451 13.345536 -0.724891
41.000000 1.356945 13.370121 -0.737505
42.000000 1.317013 13.390203 -0.741148
43.000000 1.284026 13.403018 -0.737353
44.000000 1.257290 13.391873 -0.727636
45.000000 1.236092 13.357294 -0.713498
46
0.000000 0.105091 0.404474 0.334623
1.000000 0.025124 0.353550 0.293203
2.000000 -0.066890 0.297616 0.249537
3.000000 -0.166199 0.234446 0.206284
4.000000 -0.268067 0.160831 0.166967
5.000000 -0.365082 0.074036 0.134799
6.000000 -0.439156 -0.027477 0.112137
7.000000 -0.491738 -0.141213 0.100565
8.000000 -0.528041 -0.258787 0.098232
9.000000 -0.554608 -0.374566 0.102684
10.000000 -0.578440 -0.486777 0.113085
11.000000 -0.606122 -0.599946 0.132275
12.000000 -0.643498 -0.720582 0.168047
13.000000 -0.698812 -0.853426 0.234677
14.000000 -0.783569 -0.986909 0.334785
15.000000 -0.895601 -1.101868 0.459147
16.000000 -1.033692 -1.196109 0.605740
17.000000 -1.188060 -1.270113 0.769019
18.000000 -1.326898 -1.327449 0.929956
19.000000 -1.416695 -1.373249 1.055271
20.000000 -1.389670 -1.408879 1.072552
21.000000 -1.076007 -1.413673 0.805713
22.000000 -0.689147 -1.364426 0.464265
23.000000 -0.463304 -1.269489 0.277096
24.000000 -0.348844 -1.154030 0.194469
25.000000 -0.282188 -1.038134 0.149130
26.000000 -0.241576 -0.917710 0.118447
27.000000 -0.210219 -0.795222 0.104898
28.000000 -0.174118 -0.683367 0.102630
29.000000 -0.128129 -0.584515 0.106686
30.000000 -0.071816 -0.498490 0.114770
31.000000 -0.023065 -0.428713 0.128367
32.000000 0.016918 -0.368511 0.141729
33.000000 0.050727 -0.311482 0.150323
34.000000 0.082673 -0.258382 0.153750
35.000000 0.114015 -0.210796 0.151836
36.000000 0.149413 -0.167108 0.145937
37.000000 0.202745 -0.125275 0.136925
38.000000 0.284814 -0.085700 0.126710
39.000000 0.348916 -0.049353 0.116846
40.000000 0.338856 -0.016729 0.108704
41.000000 0.330649 0.013612 0.103802
42.000000 0.323909 0.042438 0.103845
43.000000 0.250781 0.072858 0.111359
44.000000 0.176665 0.110232 0.128805
45.000000 0.124349 0.160819 0.156505
"neck"
""
29 0.000000 0.000000 0.000000 0.000000 0.000000 0.000000
46
0.000000 -0.328724 13.580956 0.205631
1.000000 -0.323189 13.639017 0.199080
2.000000 -0.315784 13.683824 0.168260
3.000000 -0.306170 13.711387 0.119813
4.000000 -0.293444 13.716253 0.060459
5.000000 -0.273108 13.697400 -0.002987
6.000000 -0.243005 13.669646 -0.063637
7.000000 -0.202074 13.649337 -0.114526
8.000000 -0.149585 13.646256 -0.149506
9.000000 -0.084754 13.650358 -0.170383
10.000000 -0.008023 13.658877 -0.178250
11.000000 0.081792 13.669545 -0.173999
12.000000 0.195164 13.680219 -0.159244
13.000000 0.308457 13.688771 -0.136268
14.000000 0.428562 13.690304 -0.107808
15.000000 0.566725 13.675070 -0.076704
16.000000 0.735118 13.644901 -0.045474
17.000000 0.933421 13.605112 -0.012108
18.000000 1.120336 13.559427 0.029898
19.000000 1.290100 13.512095 0.072422
20.000000 1.442942 13.467859 0.111968
21.000000 1.579319 13.431529 0.146734
22.000000 1.699019 13.407619 0.173191
23.000000 1.800697 13.399845 0.184328
24.000000 1.854032 13.406563 0.180573
25.000000 1.854117 13.421627 0.165028
26.000000 1.807416 13.441723 0.132775
27.000000 1.716462 13.464759 0.078228
28.000000 1.584452 13.489400 0.000433
29.000000 1.417420 13.514544 -0.096705
30.000000 1.223796 13.539235 -0.207060
31.000000 1.014895 13.562380 -0.323093
32.000000 0.804972 13.582592 -0.436767
33.000000 0.612606 13.597747 -0.540359
34.000000 0.459511 13.605619 -0.626992
35.000000 0.351823 13.612080 -0.691627
36.000000 0.252319 13.621098 -0.730176
37.000000 0.160223 13.630485 -0.749051
38.000000 0.078034 13.636908 -0.758875
39.000000 0.005749 13.639798 -0.760801
40.000000 -0.056913 13.638694 -0.755977
41.000000 -0.110435 13.633226 -0.745532
42.000000 -0.155444 13.623118 -0.730567
43.000000 -0.192660 13.606136 -0.712155
44.000000 -0.222850 13.566115 -0.691350
45.000000 -0.246802 13.504100 -0.669186
46
0.000000 -0.238724 0.024613 0.085968
1.000000 -0.236894 0.017210 0.076763
2.000000 -0.234571 0.008079 0.066857
3.000000 -0.231695 -0.002961 0.056332
4.000000 -0.228206 -0.016090 0.045268
5.000000 -0.224046 -0.031489 0.033746
6.000000 -0.219156 -0.049340 0.021847
7.000000 -0.213478 -0.069821 0.009651
8.000000 -0.206951 -0.094727 -0.002761
9.000000 -0.199518 -0.138456 -0.015310
10.000000 -0.190323 -0.200402 -0.027912
11.000000 -0.179005 -0.275587 -0.040489
12.000000 -0.166070 -0.359037 -0.052960
13.000000 -0.152029 -0.445777 -0.065244
14.000000 -0.137388 -0.530829 -0.077259
15.000000 -0.122655 -0.609219 -0.088925
16.000000 -0.108339 -0.675972 -0.100164
17.000000 -0.094949 -0.726110 -0.110891
18.000000 -0.082992 -0.755920 -0.121028
19.000000 -0.072975 -0.774520 -0.130494
20.000000 -0.065408 -0.784156 -0.139209
21.000000 -0.060799 -0.784015 -0.147090
22.000000 -0.059655 -0.773283 -0.154059
23.000000 -0.063783 -0.751147 -0.160034
24.000000 -0.080277 -0.716791 -0.164938
25.000000 -0.107874 -0.669404 -0.168903
26.000000 -0.143882 -0.608173 -0.171937
27.000000 -0.185606 -0.535000 -0.173928
28.000000 -0.230353 -0.465540 -0.174765
29.000000 -0.275430 -0.402122 -0.174335
30.000000 -0.318142 -0.344374 -0.172525
31.000000 -0.355797 -0.291925 -0.169222
32.000000 -0.385700 -0.244403 -0.164314
33.000000 -0.405158 -0.201438 -0.157687
34.000000 -0.411031 -0.162656 -0.149231
35.000000 -0.403570 -0.127689 -0.138831
36.000000 -0.386284 -0.096164 -0.126375
37.000000 -0.362705 -0.067710 -0.111752
38.000000 -0.336369 -0.041955 -0.094848
39.000000 -0.310807 -0.019272 -0.075716
40.000000 -0.289554 -0.000672 -0.055429
41.000000 -0.276137 0.014203 -0.034523
42.000000 -0.268213 0.025743 -0.013389
43.000000 -0.261644 0.034335 0.007585
44.000000 -0.256302 0.040370 0.028007
45.000000 -0.252064 0.044236 0.047488
"l lower arm"
""
29 0.000000 0.000000 0.000000 0.000000 0.000000 0.000000
46
0.000000 -2.389091 10.406802 0.334004
1.000000 -2.358979 10.450774 0.097835
2.000000 -2.309409 10.491039 -0.192377
3.000000 -2.239943 10.528489 -0.515728
4.000000 -2.152472 10.558173 -0.847217
5.000000 -2.047148 10.576089 -1.164216
6.000000 -1.928118 10.587991 -1.442219
7.000000 -1.808273 10.593982 -1.650054
8.000000 -1.706512 10.587296 -1.758567
9.000000 -1.607225 10.573345 -1.818367
10.000000 -1.499399 10.559729 -1.852772
11.000000 -1.376111 10.548989 -1.868563
12.000000 -1.221490 10.539049 -1.868261
13.000000 -1.058820 10.523456 -1.847900
14.000000 -0.892762 10.507320 -1.810025
15.000000 -0.729697 10.490049 -1.757107
16.000000 -0.574794 10.480598 -1.693061
17.000000 -0.419454 10.483951 -1.628160
18.000000 -0.288576 10.494229 -1.562708
19.000000 -0.191111 10.509874 -1.503408
20.000000 -0.126057 10.530447 -1.452189
21.000000 -0.085793 10.555877 -1.407569
22.000000 -0.062423 10.584825 -1.370147
23.000000 -0.052501 10.614558 -1.342843
24.000000 -0.101843 10.650929 -1.310393
25.000000 -0.221272 10.695367 -1.259574
26.000000 -0.406282 10.747535 -1.173668
27.000000 -0.641918 10.806307 -1.051612
28.000000 -0.907198 10.869480 -0.903728
29.000000 -1.183743 10.933831 -0.735843
30.000000 -1.451492 10.992935 -0.564775
31.000000 -1.696796 11.041254 -0.405915
32.000000 -1.909856 11.075166 -0.266693
33.000000 -2.078992 11.090540 -0.153820
34.000000 -2.185261 11.075059 -0.085982
35.000000 -2.228445 11.030561 -0.063712
36.000000 -2.258580 10.971063 -0.066910
37.000000 -2.282676 10.905301 -0.084030
38.000000 -2.299142 10.835971 -0.111529
39.000000 -2.309929 10.772566 -0.125549
40.000000 -2.314310 10.723686 -0.097197
41.000000 -2.310072 10.687128 -0.028577
42.000000 -2.298661 10.657674 0.062529
43.000000 -2.284875 10.632069 0.166885
44.000000 -2.273395 10.595125 0.281390
45.000000 -2.267771 10.543530 0.393056
46
0.000000 1.071731 -0.326296 -0.168749
1.000000 1.119368 -0.350909 -0.181522
2.000000 1.153013 -0.373076 -0.197187
3.000000 1.168317 -0.393681 -0.214501
4.000000 1.163043 -0.414877 -0.232451
5.000000 1.135133 -0.438994 -0.250844
6.000000 1.088432 -0.468809 -0.269506
7.000000 1.035312 -0.507705 -0.288277
8.000000 0.990468 -0.559491 -0.306824
9.000000 0.947900 -0.620241 -0.327243
10.000000 0.903085 -0.686883 -0.349366
11.000000 0.854909 -0.758076 -0.372702
12.000000 0.805421 -0.832208 -0.395753
13.000000 0.762792 -0.907409 -0.415586
14.000000 0.726029 -0.979228 -0.432486
15.000000 0.696280 -1.044469 -0.448146
16.000000 0.673813 -1.099905 -0.464276
17.000000 0.651689 -1.143133 -0.482701
18.000000 0.638068 -1.172409 -0.502664
19.000000 0.633912 -1.185715 -0.524370
20.000000 0.633990 -1.182964 -0.546761
21.000000 0.627578 -1.167225 -0.566775
22.000000 0.603810 -1.142027 -0.581352
23.000000 0.553580 -1.111283 -0.587482
24.000000 0.491025 -1.077188 -0.583353
25.000000 0.422985 -1.041414 -0.569665
26.000000 0.351562 -0.994038 -0.541103
27.000000 0.283383 -0.928122 -0.502513
28.000000 0.223980 -0.851325 -0.462772
29.000000 0.175950 -0.768705 -0.425424
30.000000 0.132578 -0.685653 -0.392864
31.000000 0.088848 -0.606496 -0.365720
32.000000 0.044734 -0.534622 -0.342824
33.000000 0.000303 -0.471944 -0.323279
34.000000 -0.050583 -0.417095 -0.306984
35.000000 -0.103594 -0.360627 -0.296030
36.000000 -0.144244 -0.302996 -0.289437
37.000000 -0.170290 -0.246878 -0.284605
38.000000 -0.190069 -0.194967 -0.278927
39.000000 -0.193561 -0.149005 -0.271708
40.000000 -0.168254 -0.110412 -0.262621
41.000000 -0.117023 -0.080887 -0.251498
42.000000 -0.050048 -0.062739 -0.238233
43.000000 0.027146 -0.057067 -0.223243
44.000000 0.112322 -0.061624 -0.207773
45.000000 0.198663 -0.074225 -0.192622
"l foot"
""
29 0.000000 0.000000 0.000000 0.000000 0.000000 0.000000
46
0.000000 -1.069039 1.164007 0.442762
1.000000 -1.066877 1.163834 0.442762
2.000000 -1.064245 1.163648 0.442761
3.000000 -1.061096 1.163454 0.442761
4.000000 -1.057386 1.163246 0.442761
5.000000 -1.053068 1.163033 0.442762
6.000000 -1.048096 1.162811 0.442762
7.000000 -1.042426 1.162585 0.442762
8.000000 -1.036011 1.162357 0.442761
9.000000 -1.021527 1.162126 0.442761
10.000000 -0.960925 1.161896 0.442761
11.000000 -0.867541 1.161666 0.442762
12.000000 -0.763878 1.161440 0.442762
13.000000 -0.672436 1.161219 0.442761
14.000000 -0.615717 1.161004 0.442761
15.000000 -0.606304 1.160797 0.442762
16.000000 -0.606182 1.160599 0.442761
17.000000 -0.608787 1.160412 0.442761
18.000000 -0.614179 1.160238 0.442762
19.000000 -0.622416 1.160078 0.442761
20.000000 -0.633561 1.159935 0.442762
21.000000 -0.647671 1.159809 0.442762
22.000000 -0.664809 1.159700 0.442761
23.000000 -0.685032 1.159614 0.442761
24.000000 -0.708402 1.159547 0.442761
25.000000 -0.734978 1.159507 0.442762
26.000000 -0.764820 1.159492 0.442761
27.000000 -0.797989 1.159511 0.442761
28.000000 -0.834544 1.159572 0.442762
29.000000 -0.874544 1.159675 0.442761
30.000000 -0.915358 1.186205 0.440719
31.000000 -0.956794 1.219722 0.438585
32.000000 -0.995984 1.250918 0.437101
33.000000 -1.029078 1.274387 0.436495
34.000000 -1.051968 1.285842 0.436776
35.000000 -1.061493 1.288923 0.437519
36.000000 -1.065981 1.286501 0.438420
37.000000 -1.069385 1.278931 0.439359
38.000000 -1.071861 1.266638 0.440253
39.000000 -1.073602 1.250080 0.441047
40.000000 -1.074812 1.229690 0.441708
41.000000 -1.075695 1.205837 0.442225
42.000000 -1.076440 1.178801 0.442606
43.000000 -1.077030 1.163280 0.442762
44.000000 -1.077217 1.163547 0.442761
45.000000 -1.077156 1.163798 0.442761
46
0.000000 0.008122 0.105568 -0.005278
1.000000 0.009913 0.105815 0.003576
2.000000 0.011785 0.106209 0.011477
3.000000 0.013712 0.106770 0.018002
4.000000 0.015665 0.107524 0.022731
5.000000 0.017618 0.108496 0.025243
6.000000 0.019545 0.109710 0.025118
7.000000 0.021417 0.111190 0.022090
8.000000 0.023208 0.114446 0.016528
9.000000 0.024890 0.132186 0.008788
10.000000 0.026435 0.162489 -0.000783
11.000000 0.027026 0.199329 -0.011837
12.000000 0.020608 0.236682 -0.024026
13.000000 0.008073 0.268519 -0.037003
14.000000 -0.007917 0.288817 -0.050422
15.000000 -0.024704 0.293668 -0.063933
16.000000 -0.039629 0.295043 -0.077191
17.000000 -0.050033 0.295798 -0.089847
18.000000 -0.053537 0.295812 -0.101554
19.000000 -0.053015 0.294970 -0.111965
20.000000 -0.050317 0.293154 -0.120732
21.000000 -0.045887 0.290245 -0.127509
22.000000 -0.040167 0.286128 -0.131942
23.000000 -0.033604 0.280683 -0.131704
24.000000 -0.026641 0.273794 -0.126091
25.000000 -0.019725 0.265343 -0.116538
26.000000 -0.013296 0.255211 -0.104481
27.000000 -0.007802 0.243283 -0.091353
28.000000 -0.003686 0.229439 -0.078592
29.000000 -0.001392 0.210807 -0.067632
30.000000 -0.001822 0.172473 -0.059906
31.000000 -0.007354 0.120465 -0.056846
32.000000 -0.016329 0.064678 -0.056435
33.000000 -0.026435 0.015010 -0.056146
34.000000 -0.035361 -0.018647 -0.055970
35.000000 -0.040795 -0.028178 -0.055896
36.000000 -0.041335 -0.028676 -0.055913
37.000000 -0.040422 -0.026274 -0.056012
38.000000 -0.038777 -0.021342 -0.056180
39.000000 -0.036509 -0.014251 -0.056409
40.000000 -0.033727 -0.005372 -0.056686
41.000000 -0.030541 0.004926 -0.057003
42.000000 -0.027059 0.016272 -0.057346
43.000000 -0.023392 0.028295 -0.057708
44.000000 -0.019646 0.040625 -0.058077
45.000000 -0.015933 0.052892 -0.058441
"l hand"
""
29 0.000000 0.000000 0.000000 0.000000 0.000000 0.000000
46
0.000000 -1.985400 9.321465 -1.410794
1.000000 -1.895682 9.437055 -1.675007
2.000000 -1.800548 9.523068 -1.978247
3.000000 -1.701064 9.571726 -2.298830
4.000000 -1.598283 9.573750 -2.610459
5.000000 -1.493267 9.522009 -2.886822
6.000000 -1.387055 9.430888 -3.101618
7.000000 -1.280634 9.323126 -3.228586
8.000000 -1.174955 9.214571 -3.247968
9.000000 -1.071176 9.101371 -3.208037
10.000000 -0.970423 8.987131 -3.130412
11.000000 -0.871266 8.876093 -3.022594
12.000000 -0.756390 8.772513 -2.892114
13.000000 -0.632344 8.680683 -2.746538
14.000000 -0.506126 8.604141 -2.593392
15.000000 -0.383482 8.541012 -2.440208
16.000000 -0.270165 8.497996 -2.294503
17.000000 -0.172010 8.474686 -2.163760
18.000000 -0.094653 8.468205 -2.055521
19.000000 -0.043824 8.475660 -1.978299
20.000000 -0.025315 8.494146 -1.930281
21.000000 -0.044954 8.520756 -1.899359
22.000000 -0.108574 8.552594 -1.873289
23.000000 -0.221978 8.587359 -1.839816
24.000000 -0.396984 8.633214 -1.786791
25.000000 -0.630400 8.689857 -1.702054
26.000000 -0.905210 8.753745 -1.575060
27.000000 -1.204466 8.821339 -1.410333
28.000000 -1.511253 8.889112 -1.217578
29.000000 -1.808750 8.953540 -1.006127
30.000000 -2.091042 9.011115 -0.785241
31.000000 -2.351156 9.058327 -0.564192
32.000000 -2.575890 9.091656 -0.352300
33.000000 -2.752053 9.107561 -0.158888
34.000000 -2.866501 9.097043 0.006792
35.000000 -2.917748 9.063211 0.135377
36.000000 -2.944923 9.013168 0.217387
37.000000 -2.954335 8.951485 0.257606
38.000000 -2.948076 8.882763 0.274607
39.000000 -2.928220 8.811565 0.271234
40.000000 -2.896852 8.742466 0.250153
41.000000 -2.856071 8.680096 0.214211
42.000000 -2.807950 8.629107 0.166350
43.000000 -2.754544 8.592129 0.109460
44.000000 -2.697911 8.558019 0.046396
45.000000 -2.640111 8.524609 -0.019931
46
0.000000 0.776667 -0.091757 0.042196
1.000000 0.921852 -0.127055 0.065931
2.000000 1.079551 -0.170878 0.082980
3.000000 1.211967 -0.224560 0.091346
4.000000 1.281304 -0.288858 0.089032
5.000000 1.249765 -0.362061 0.075326
6.000000 1.079771 -0.442344 0.049656
7.000000 0.814390 -0.527881 0.006176
8.000000 0.619392 -0.616849 -0.061205
9.000000 0.555167 -0.707421 -0.158574
10.000000 0.565753 -0.797774 -0.292020
11.000000 0.651020 -0.886082 -0.467632
12.000000 0.810835 -0.970521 -0.691500
13.000000 1.030656 -1.049265 -0.958820
14.000000 1.224944 -1.120490 -1.207616
15.000000 1.381876 -1.182372 -1.426153
16.000000 1.504162 -1.233509 -1.613296
17.000000 1.594506 -1.275250 -1.767897
18.000000 1.655618 -1.307803 -1.888821
19.000000 1.690206 -1.331019 -1.974925
20.000000 1.700978 -1.344749 -2.025070
21.000000 1.690639 -1.348847 -2.038111
22.000000 1.659792 -1.343167 -2.012917
23.000000 1.595025 -1.327558 -1.948334
24.000000 1.488076 -1.301874 -1.843231
25.000000 1.332391 -1.265967 -1.696465
26.000000 1.136289 -1.219689 -1.517640
27.000000 0.920301 -1.162894 -1.323430
28.000000 0.696179 -1.095432 -1.123288
29.000000 0.475682 -1.017155 -0.926676
30.000000 0.270570 -0.927918 -0.743052
31.000000 0.092599 -0.827572 -0.581872
32.000000 -0.046471 -0.715969 -0.452597
33.000000 -0.134886 -0.604973 -0.364684
34.000000 -0.160884 -0.506085 -0.324477
35.000000 -0.112709 -0.418611 -0.298590
36.000000 -0.027373 -0.341860 -0.275362
37.000000 0.050473 -0.275134 -0.254652
38.000000 0.121129 -0.217743 -0.236315
39.000000 0.184894 -0.168990 -0.220209
40.000000 0.242068 -0.128183 -0.206189
41.000000 0.292948 -0.094628 -0.194116
42.000000 0.337834 -0.067631 -0.183842
43.000000 0.377027 -0.046497 -0.175227
44.000000 0.410823 -0.030534 -0.168125
45.000000 0.439524 -0.019047 -0.162396
"l leg"
""
29 0.000000 0.000000 0.000000 0.000000 0.000000 0.000000
46
0.000000 -1.028762 5.124815 -0.215316
1.000000 -1.022295 5.150941 -0.030186
2.000000 -1.014979 5.168235 0.153719
3.000000 -1.008727 5.176239 0.310471
4.000000 -1.010065 5.175513 0.293883
5.000000 -1.014299 5.165234 0.120933
6.000000 -1.011577 5.149499 -0.034380
7.000000 -1.001660 5.135186 -0.139876
8.000000 -0.985828 5.126183 -0.196184
9.000000 -0.958095 5.118911 -0.237324
10.000000 -0.897466 5.113756 -0.265378
11.000000 -0.806356 5.111690 -0.275746
12.000000 -0.686041 5.113208 -0.264457
13.000000 -0.551161 5.115409 -0.244524
14.000000 -0.419942 5.115616 -0.224623
15.000000 -0.301730 5.106624 -0.235742
16.000000 -0.180646 5.088290 -0.274764
17.000000 -0.057978 5.063329 -0.323092
18.000000 0.056415 5.035966 -0.364532
19.000000 0.154524 5.008570 -0.398760
20.000000 0.233100 4.983561 -0.424113
21.000000 0.285926 4.964716 -0.436876
22.000000 0.307370 4.955184 -0.435790
23.000000 0.292162 4.958036 -0.417334
24.000000 0.235757 4.971690 -0.393195
25.000000 0.141047 4.992110 -0.373582
26.000000 0.013658 5.019344 -0.343495
27.000000 -0.140017 5.052993 -0.285633
28.000000 -0.312511 5.092291 -0.176825
29.000000 -0.497104 5.138506 0.056593
30.000000 -0.664433 5.187399 0.216732
31.000000 -0.810630 5.227654 0.244152
32.000000 -0.938070 5.262434 0.272577
33.000000 -1.037705 5.287417 0.301572
34.000000 -1.100989 5.299444 0.330571
35.000000 -1.125733 5.302943 0.358765
36.000000 -1.135623 5.300848 0.384921
37.000000 -1.136124 5.293565 0.408604
38.000000 -1.128637 5.281529 0.429738
39.000000 -1.114547 5.265171 0.448294
40.000000 -1.095215 5.244882 0.464272
41.000000 -1.071961 5.220985 0.477693
42.000000 -1.046065 5.193729 0.488590
43.000000 -1.039047 5.173250 0.239321
44.000000 -1.034666 5.151181 -0.025909
45.000000 -1.029736 5.118370 -0.251356
46
0.000000 -0.163300 0.070950 -0.021978
1.000000 -0.116565 0.066056 -0.019030
2.000000 -0.070426 0.060516 -0.016676
3.000000 -0.031247 0.054207 -0.014840
4.000000 -0.035373 0.047047 -0.013542
5.000000 -0.078543 0.038965 -0.012823
6.000000 -0.117412 0.029913 -0.012743
7.000000 -0.143893 0.019724 -0.013156
8.000000 -0.158058 0.008258 -0.013993
9.000000 -0.168440 -0.003469 -0.015436
10.000000 -0.175546 -0.011991 -0.013909
11.000000 -0.178188 -0.018652 -0.012097
12.000000 -0.175367 -0.027465 -0.014780
13.000000 -0.170407 -0.041206 -0.023499
14.000000 -0.165564 -0.062901 -0.038851
15.000000 -0.168811 -0.094706 -0.060751
16.000000 -0.179496 -0.131708 -0.083861
17.000000 -0.192990 -0.169770 -0.106890
18.000000 -0.205013 -0.203672 -0.128926
19.000000 -0.215119 -0.228637 -0.149307
20.000000 -0.222672 -0.245156 -0.167548
21.000000 -0.226489 -0.252877 -0.182563
22.000000 -0.226143 -0.251883 -0.193013
23.000000 -0.220747 -0.242674 -0.197492
24.000000 -0.213495 -0.225333 -0.193976
25.000000 -0.207276 -0.201619 -0.182259
26.000000 -0.198402 -0.174164 -0.163878
27.000000 -0.182620 -0.145113 -0.140453
28.000000 -0.154230 -0.116139 -0.113750
29.000000 -0.094946 -0.088337 -0.086023
30.000000 -0.054167 -0.062569 -0.059132
31.000000 -0.046725 -0.039344 -0.034546
32.000000 -0.039239 -0.019010 -0.013658
33.000000 -0.031854 -0.001834 0.002210
34.000000 -0.024701 0.011833 0.011898
35.000000 -0.017865 0.022253 0.015564
36.000000 -0.011577 0.031826 0.016920
37.000000 -0.005912 0.040642 0.016309
38.000000 -0.000868 0.048740 0.014011
39.000000 0.003562 0.056151 0.010297
40.000000 0.007385 0.062891 0.005434
41.000000 0.010608 0.068972 -0.000322
42.000000 0.013238 0.074394 -0.006714
43.000000 -0.049093 0.079154 -0.013498
44.000000 -0.115642 0.083220 -0.020475
45.000000 -0.172645 0.086441 -0.027202
"l thigh"
""
29 0.000000 0.000000 0.000000 0.000000 0.000000 0.000000
46
0.000000 -0.898405 9.155920 0.371844
1.000000 -0.917384 9.211568 0.387308
2.000000 -0.932109 9.251235 0.397401
3.000000 -0.943002 9.272469 0.401180
4.000000 -0.949707 9.270882 0.397651
5.000000 -0.951636 9.246128 0.385695
6.000000 -0.947860 9.213251 0.364009
7.000000 -0.939146 9.188081 0.325576
8.000000 -0.925350 9.179399 0.258012
9.000000 -0.896835 9.177603 0.166635
10.000000 -0.844773 9.180782 0.058987
11.000000 -0.761180 9.187617 -0.053694
12.000000 -0.628824 9.195962 -0.150220
13.000000 -0.456027 9.201382 -0.222479
14.000000 -0.257855 9.201205 -0.276553
15.000000 -0.045554 9.187264 -0.319359
16.000000 0.172406 9.160766 -0.355398
17.000000 0.388974 9.125341 -0.387433
18.000000 0.591799 9.086113 -0.413959
19.000000 0.768929 9.046366 -0.428524
20.000000 0.917145 9.009192 -0.436590
21.000000 1.028289 8.979504 -0.441253
22.000000 1.091969 8.961988 -0.441412
23.000000 1.097918 8.961363 -0.435891
24.000000 1.029850 8.978170 -0.423274
25.000000 0.887167 9.008321 -0.402004
26.000000 0.685405 9.049458 -0.373302
27.000000 0.439554 9.099017 -0.336605
28.000000 0.164914 9.154190 -0.290715
29.000000 -0.119603 9.210793 -0.239417
30.000000 -0.397827 9.265183 -0.184623
31.000000 -0.654769 9.314001 -0.127280
32.000000 -0.875692 9.353925 -0.068456
33.000000 -1.046174 9.381776 -0.009297
34.000000 -1.153052 9.395601 0.049019
35.000000 -1.195152 9.400675 0.105263
36.000000 -1.212231 9.399967 0.157249
37.000000 -1.211308 9.393938 0.204214
38.000000 -1.195057 9.383035 0.246087
39.000000 -1.166085 9.367666 0.282857
40.000000 -1.126930 9.348181 0.314556
41.000000 -1.080061 9.324862 0.341234
42.000000 -1.027867 9.297918 0.362948
43.000000 -0.972662 9.265456 0.379738
44.000000 -0.916676 9.211514 0.391621
45.000000 -0.864417 9.137161 0.394219
46
0.000000 0.141191 0.070950 -0.021978
1.000000 0.099128 0.066056 -0.019030
2.000000 0.056248 0.060516 -0.016676
3.000000 0.018623 0.054207 -0.014840
4.000000 0.021824 0.047047 -0.013542
5.000000 0.061370 0.038965 -0.012823
6.000000 0.094243 0.029913 -0.012743
7.000000 0.110757 0.019724 -0.013156
8.000000 0.107959 0.008258 -0.013993
9.000000 0.095573 -0.003469 -0.015436
10.000000 0.075998 -0.011991 -0.013909
11.000000 0.050890 -0.018652 -0.012097
12.000000 0.024485 -0.027465 -0.014780
13.000000 0.001929 -0.041206 -0.023499
14.000000 -0.016185 -0.062901 -0.038851
15.000000 -0.024000 -0.094706 -0.060751
16.000000 -0.023357 -0.131708 -0.083861
17.000000 -0.019444 -0.169770 -0.106890
18.000000 -0.015837 -0.203672 -0.128926
19.000000 -0.010984 -0.228637 -0.149307
20.000000 -0.006668 -0.245156 -0.167548
21.000000 -0.004636 -0.252877 -0.182563
22.000000 -0.004949 -0.251883 -0.193013
23.000000 -0.008195 -0.242674 -0.197492
24.000000 -0.011055 -0.225333 -0.193976
25.000000 -0.010594 -0.201619 -0.182259
26.000000 -0.010889 -0.174164 -0.163878
27.000000 -0.016069 -0.145113 -0.140453
28.000000 -0.031491 -0.116139 -0.113750
29.000000 -0.076154 -0.088337 -0.086023
30.000000 -0.101930 -0.062569 -0.059132
31.000000 -0.094488 -0.039344 -0.034546
32.000000 -0.087001 -0.019010 -0.013658
33.000000 -0.079616 -0.001834 0.002210
34.000000 -0.072463 0.011833 0.011898
35.000000 -0.065627 0.022253 0.015564
36.000000 -0.059339 0.031826 0.016920
37.000000 -0.053674 0.040642 0.016309
38.000000 -0.048630 0.048740 0.014011
39.000000 -0.044201 0.056151 0.010297
40.000000 -0.040378 0.062891 0.005434
41.000000 -0.037154 0.068972 -0.000322
42.000000 -0.034524 0.074394 -0.006714
43.000000 0.030904 0.079154 -0.013498
44.000000 0.099269 0.083220 -0.020475
45.000000 0.155916 0.086441 -0.027202
"l upper arm"
""
29 0.000000 0.000000 0.000000 0.000000 0.000000 0.000000
46
0.000000 -1.766693 13.362515 -0.121067
1.000000 -1.760164 13.436456 -0.141914
2.000000 -1.749927 13.493834 -0.191385
3.000000 -1.735224 13.530340 -0.263899
4.000000 -1.714612 13.540432 -0.353758
5.000000 -1.683053 13.524682 -0.455128
6.000000 -1.637478 13.498610 -0.562036
7.000000 -1.573699 13.478920 -0.672928
8.000000 -1.485922 13.475670 -0.787717
9.000000 -1.371798 13.478670 -0.902676
10.000000 -1.230847 13.485188 -1.012962
11.000000 -1.061992 13.493144 -1.113602
12.000000 -0.855802 13.498512 -1.200717
13.000000 -0.637615 13.494882 -1.271858
14.000000 -0.405576 13.485187 -1.326147
15.000000 -0.154961 13.465715 -1.364161
16.000000 0.119200 13.441008 -1.387591
17.000000 0.410276 13.415811 -1.395108
18.000000 0.673517 13.389016 -1.382021
19.000000 0.897916 13.361232 -1.357835
20.000000 1.078421 13.335886 -1.327445
21.000000 1.216927 13.317531 -1.294751
22.000000 1.314998 13.310313 -1.263911
23.000000 1.370044 13.317144 -1.240418
24.000000 1.352139 13.337497 -1.221403
25.000000 1.257614 13.369411 -1.200131
26.000000 1.094895 13.409992 -1.176236
27.000000 0.880535 13.454670 -1.156003
28.000000 0.632371 13.498748 -1.146587
29.000000 0.359884 13.539518 -1.147036
30.000000 0.074012 13.574579 -1.155188
31.000000 -0.212472 13.601686 -1.168211
32.000000 -0.484891 13.618679 -1.183192
33.000000 -0.725115 13.623838 -1.197642
34.000000 -0.912512 13.616401 -1.209773
35.000000 -1.044662 13.603635 -1.213123
36.000000 -1.162547 13.590864 -1.198623
37.000000 -1.268146 13.576282 -1.172166
38.000000 -1.359987 13.556740 -1.143418
39.000000 -1.438726 13.532284 -1.113137
40.000000 -1.505189 13.503031 -1.082012
41.000000 -1.560326 13.469158 -1.050666
42.000000 -1.605165 13.430904 -1.019660
43.000000 -1.640781 13.386524 -0.989511
44.000000 -1.668272 13.320311 -0.960696
45.000000 -1.688734 13.233747 -0.933670
46
0.000000 -0.091731 -0.333988 -0.172432
1.000000 -0.016971 -0.358221 -0.185645
2.000000 0.067511 -0.379865 -0.201614
3.000000 0.156964 -0.399840 -0.219042
4.000000 0.245420 -0.420349 -0.236891
5.000000 0.327741 -0.443753 -0.254964
6.000000 0.397794 -0.472878 -0.273157
7.000000 0.444392 -0.511219 -0.291465
8.000000 0.455136 -0.562731 -0.309742
9.000000 0.449421 -0.623319 -0.329985
10.000000 0.437358 -0.689825 -0.351957
11.000000 0.423155 -0.760866 -0.375141
12.000000 0.408857 -0.834827 -0.398047
13.000000 0.392431 -0.909901 -0.417808
14.000000 0.372585 -0.981646 -0.434705
15.000000 0.347259 -1.046891 -0.450448
16.000000 0.314415 -1.102431 -0.466751
17.000000 0.280740 -1.145770 -0.485322
18.000000 0.251602 -1.175179 -0.505437
19.000000 0.227076 -1.188643 -0.527279
20.000000 0.207609 -1.186039 -0.549712
21.000000 0.191707 -1.170380 -0.569590
22.000000 0.178530 -1.145124 -0.583805
23.000000 0.167428 -1.114125 -0.589365
24.000000 0.150295 -1.079725 -0.584685
25.000000 0.124570 -1.043662 -0.570539
26.000000 0.081446 -0.996093 -0.541612
27.000000 0.022559 -0.930119 -0.502747
28.000000 -0.044452 -0.853381 -0.462795
29.000000 -0.114595 -0.770927 -0.425269
30.000000 -0.180863 -0.688038 -0.392544
31.000000 -0.238935 -0.608972 -0.365254
32.000000 -0.288030 -0.537115 -0.342238
33.000000 -0.326840 -0.474371 -0.322608
34.000000 -0.348280 -0.419283 -0.306297
35.000000 -0.349138 -0.362418 -0.295415
36.000000 -0.335074 -0.304380 -0.288937
37.000000 -0.313705 -0.247916 -0.284221
38.000000 -0.290070 -0.195689 -0.278650
39.000000 -0.272445 -0.149573 -0.271485
40.000000 -0.270378 -0.111156 -0.262358
41.000000 -0.282768 -0.082105 -0.251124
42.000000 -0.303450 -0.064616 -0.237732
43.000000 -0.329364 -0.059721 -0.222626
44.000000 -0.359717 -0.065146 -0.207071
45.000000 -0.390264 -0.078621 -0.191884
