Bones: 16
"torso"
""
8 0.000000 0.000000 0.000000 0.000000 0.000000 0.000000
51
0.000000 -0.133246 10.216594 -0.004992
0.900000 -0.192187 10.286594 -0.017290
1.800000 -0.253712 10.348316 -0.038571
2.700000 -0.313984 10.401907 -0.071101
3.600000 -0.374296 10.447514 -0.109063
4.500000 -0.450572 10.485284 -0.147107
5.400000 -0.536614 10.515365 -0.186470
6.300000 -0.623610 10.537902 -0.228389
7.200000 -0.702749 10.553042 -0.274099
8.099999 -0.765218 10.560935 -0.324838
9.000000 -0.802207 10.561710 -0.381843
9.900000 -0.810892 10.553576 -0.446349
10.799999 -0.814673 10.534524 -0.519595
11.700000 -0.817025 10.503574 -0.608140
12.599999 -0.817980 10.459746 -0.724442
13.500000 -0.817569 10.402059 -0.858061
14.400000 -0.815825 10.329530 -0.996974
15.299999 -0.812780 10.241180 -1.129153
16.199999 -0.808464 10.136027 -1.242575
17.100000 -0.802910 10.013092 -1.325212
18.000000 -0.796150 9.883086 -1.365040
18.900000 -0.788216 9.769879 -1.355591
19.799999 -0.779139 9.691974 -1.323504
20.699999 -0.768951 9.667645 -1.275902
21.599998 -0.757683 9.690460 -1.214945
22.500000 -0.745369 9.743423 -1.142789
23.400000 -0.732039 9.818577 -1.061593
24.299999 -0.717726 9.907963 -0.973515
25.199999 -0.702460 10.003623 -0.880712
26.099998 -0.686275 10.097600 -0.785343
27.000000 -0.669201 10.181934 -0.689566
27.900002 -0.651271 10.248669 -0.595538
28.799999 -0.632516 10.292508 -0.505418
29.699999 -0.612968 10.326851 -0.421363
30.599998 -0.592659 10.355043 -0.345532
31.500000 -0.571621 10.377297 -0.280082
32.399998 -0.549885 10.393828 -0.227171
33.299999 -0.527484 10.404848 -0.188958
34.200001 -0.503840 10.410572 -0.160796
35.099998 -0.476765 10.411212 -0.135588
36.000000 -0.446554 10.406983 -0.113162
36.899998 -0.413775 10.398098 -0.093357
37.799999 -0.378997 10.384770 -0.076009
38.700001 -0.342786 10.367215 -0.060956
39.599998 -0.305711 10.345644 -0.048035
40.500000 -0.268339 10.320271 -0.037083
41.399998 -0.231238 10.291311 -0.027937
42.299999 -0.194976 10.258974 -0.020435
43.199997 -0.160120 10.222848 -0.014414
44.099998 -0.127239 10.182924 -0.009710
45.000000 -0.096900 10.139843 -0.006162
51
0.000000 -0.158070 0.170316 -0.082862
0.900000 -0.136465 0.216619 -0.069622
1.800000 -0.112890 0.267775 -0.055133
2.700000 -0.088377 0.324428 -0.040010
3.600000 -0.063961 0.392456 -0.024866
4.500000 -0.040675 0.462637 -0.006634
5.400000 -0.019207 0.524130 0.015895
6.300000 0.001116 0.566096 0.040378
7.200000 0.020177 0.577786 0.064464
8.099999 0.037732 0.566712 0.085802
9.000000 0.053538 0.545294 0.102048
9.900000 0.067352 0.516446 0.111179
10.799999 0.078931 0.483085 0.117144
11.700000 0.088032 0.448125 0.121873
12.599999 0.094462 0.414482 0.125498
13.500000 0.099351 0.385072 0.128145
14.400000 0.103127 0.362680 0.129942
15.299999 0.105622 0.346973 0.131021
16.199999 0.106666 0.335582 0.131508
17.100000 0.106091 0.326289 0.131508
18.000000 0.103728 0.316879 0.130974
18.900000 0.099407 0.305134 0.129829
19.799999 0.092961 0.288839 0.127994
20.699999 0.084221 0.265778 0.125391
21.599998 0.073017 0.234337 0.121945
22.500000 0.058428 0.196035 0.117578
23.400000 0.039945 0.152576 0.112210
24.299999 0.018322 0.105584 0.105501
25.199999 -0.005686 0.056685 0.097439
26.099998 -0.031323 0.007504 0.089134
27.000000 -0.057833 -0.040335 0.081720
27.900002 -0.084461 -0.085205 0.076338
28.799999 -0.110452 -0.125483 0.073304
29.699999 -0.135048 -0.165619 0.071431
30.599998 -0.157495 -0.209428 0.070421
31.500000 -0.177037 -0.254839 0.070005
32.399998 -0.192917 -0.299787 0.069916
33.299999 -0.204382 -0.342204 0.069886
34.200001 -0.210806 -0.380021 0.069646
35.099998 -0.214682 -0.411172 0.068929
36.000000 -0.217318 -0.433587 0.067466
36.899998 -0.218852 -0.445202 0.064990
37.799999 -0.219422 -0.443945 0.061232
38.700001 -0.219170 -0.433217 0.055925
39.599998 -0.218231 -0.417747 0.048825
40.500000 -0.216748 -0.397710 0.040203
41.399998 -0.214857 -0.373284 0.030300
42.299999 -0.212698 -0.344648 0.019247
43.199997 -0.210410 -0.311977 0.007169
44.099998 -0.208132 -0.275451 -0.005804
45.000000 -0.206002 -0.235245 -0.019546
"head"
""
8 0.000000 0.000000 0.000000 0.000000 0.000000 0.000000
51
0.000000 0.140065 14.474613 -0.759131
0.900000 0.003451 14.559806 -0.693755
1.800000 -0.135491 14.634525 -0.629502
2.700000 -0.268465 14.698004 -0.572921
3.600000 -0.393554 14.750107 -0.522643
4.500000 -0.533760 14.791224 -0.478876
5.400000 -0.687454 14.821919 -0.446433
6.300000 -0.839882 14.842857 -0.424576
7.200000 -0.979195 14.854684 -0.412786
8.099999 -1.095102 14.858014 -0.409880
9.000000 -1.174016 14.853696 -0.416763
9.900000 -1.207329 14.840825 -0.435429
10.799999 -1.230570 14.817083 -0.468377
11.700000 -1.252308 14.781525 -0.523755
12.599999 -1.271373 14.733625 -0.615594
13.500000 -1.284614 14.672573 -0.731163
14.400000 -1.290431 14.597554 -0.857690
15.299999 -1.289616 14.507634 -0.983430
16.199999 -1.283495 14.401781 -1.096387
17.100000 -1.273408 14.278928 -1.184595
18.000000 -1.260302 14.149693 -1.236107
18.900000 -1.244974 14.037841 -1.244590
19.799999 -1.228057 13.961757 -1.236915
20.699999 -1.209868 13.939610 -1.220599
21.599998 -1.190045 13.964898 -1.198448
22.500000 -1.167288 14.020814 -1.175922
23.400000 -1.139418 14.099339 -1.157147
24.299999 -1.102660 14.192169 -1.142073
25.199999 -1.054886 14.290835 -1.130243
26.099998 -0.998346 14.386529 -1.120877
27.000000 -0.936429 14.470598 -1.113022
27.900002 -0.873612 14.534699 -1.105752
28.799999 -0.812828 14.573696 -1.098352
29.699999 -0.751044 14.601774 -1.090328
30.599998 -0.686682 14.622936 -1.081559
31.500000 -0.620502 14.638184 -1.071758
32.399998 -0.554538 14.648556 -1.061038
33.299999 -0.491554 14.655042 -1.050068
34.200001 -0.433939 14.658440 -1.033615
35.099998 -0.378447 14.657780 -1.013151
36.000000 -0.324679 14.652534 -0.993439
36.899998 -0.273580 14.642740 -0.975798
37.799999 -0.225953 14.628452 -0.961356
38.700001 -0.179779 14.609937 -0.949574
39.599998 -0.132791 14.587472 -0.939527
40.500000 -0.085709 14.561228 -0.931129
41.399998 -0.036991 14.531259 -0.924225
42.299999 0.017256 14.497509 -0.918643
43.199997 0.075485 14.459600 -0.914222
44.099998 0.135912 14.417536 -0.910833
45.000000 0.196717 14.371957 -0.908392
51
0.000000 -0.208457 0.084722 -0.025511
0.900000 -0.224732 0.128036 0.010567
1.800000 -0.242021 0.172216 0.044820
2.700000 -0.259897 0.214068 0.073657
3.600000 -0.277928 0.250395 0.093487
4.500000 -0.295688 0.278002 0.102369
5.400000 -0.312746 0.293694 0.107989
6.300000 -0.328673 0.296031 0.111939
7.200000 -0.343041 0.292771 0.114316
8.099999 -0.355420 0.285653 0.115217
9.000000 -0.365673 0.275117 0.114742
9.900000 -0.374975 0.261604 0.112986
10.799999 -0.383481 0.245554 0.110047
11.700000 -0.391169 0.227407 0.106023
12.599999 -0.398014 0.207604 0.101010
13.500000 -0.403993 0.186586 0.095107
14.400000 -0.409080 0.164792 0.088409
15.299999 -0.413254 0.142662 0.081017
16.199999 -0.416489 0.120638 0.073025
17.100000 -0.418763 0.099160 0.064533
18.000000 -0.420050 0.078668 0.055637
18.900000 -0.420327 0.059603 0.046433
19.799999 -0.419570 0.042405 0.037021
20.699999 -0.417755 0.027512 0.027497
21.599998 -0.414859 0.015367 0.017959
22.500000 -0.410856 0.004965 0.008504
23.400000 -0.405724 -0.004811 -0.000771
24.299999 -0.399438 -0.013972 -0.009767
25.199999 -0.391061 -0.022529 -0.018389
26.099998 -0.377405 -0.030492 -0.026538
27.000000 -0.359067 -0.037869 -0.034117
27.900002 -0.337039 -0.044673 -0.041028
28.799999 -0.312310 -0.050914 -0.047176
29.699999 -0.285875 -0.056601 -0.052461
30.599998 -0.258723 -0.061745 -0.056786
31.500000 -0.231844 -0.066357 -0.060000
32.399998 -0.206232 -0.070446 -0.060688
33.299999 -0.182876 -0.074024 -0.058718
34.200001 -0.162767 -0.077099 -0.054714
35.099998 -0.146897 -0.079684 -0.049295
36.000000 -0.136246 -0.081787 -0.043084
36.899998 -0.129518 -0.083420 -0.036703
37.799999 -0.125128 -0.084583 -0.030771
38.700001 -0.122816 -0.084238 -0.025911
39.599998 -0.122316 -0.081899 -0.022744
40.500000 -0.123367 -0.077887 -0.021892
41.399998 -0.125705 -0.072528 -0.024010
42.299999 -0.129069 -0.066144 -0.029797
43.199997 -0.133195 -0.059059 -0.038665
44.099998 -0.137820 -0.051597 -0.049748
45.000000 -0.142681 -0.044080 -0.062173
"pelvis"
""
8 0.000000 0.000000 0.000000 0.000000 0.000000 0.000000
51
0.000000 -0.133246 10.216594 -0.004992
0.900000 -0.192187 10.286594 -0.017290
1.800000 -0.253712 10.348316 -0.038571
2.700000 -0.313984 10.401907 -0.071101
3.600000 -0.374296 10.447514 -0.109063
4.500000 -0.450572 10.485284 -0.147107
5.400000 -0.536614 10.515365 -0.186470
6.300000 -0.623610 10.537902 -0.228389
7.200000 -0.702749 10.553042 -0.274099
8.099999 -0.765218 10.560935 -0.324838
9.000000 -0.802207 10.561710 -0.381843
9.900000 -0.810892 10.553576 -0.446349
10.799999 -0.814673 10.534524 -0.519595
11.700000 -0.817025 10.503574 -0.608140
12.599999 -0.817980 10.459746 -0.724442
13.500000 -0.817569 10.402059 -0.858061
14.400000 -0.815825 10.329530 -0.996974
15.299999 -0.812780 10.241180 -1.129153
16.199999 -0.808464 10.136027 -1.242575
17.100000 -0.802910 10.013092 -1.325212
18.000000 -0.796150 9.883086 -1.365040
18.900000 -0.788216 9.769879 -1.355591
19.799999 -0.779139 9.691974 -1.323504
20.699999 -0.768951 9.667645 -1.275902
21.599998 -0.757683 9.690460 -1.214945
22.500000 -0.745369 9.743423 -1.142789
23.400000 -0.732039 9.818577 -1.061593
24.299999 -0.717726 9.907963 -0.973515
25.199999 -0.702460 10.003623 -0.880712
26.099998 -0.686275 10.097600 -0.785343
27.000000 -0.669201 10.181934 -0.689566
27.900002 -0.651271 10.248669 -0.595538
28.799999 -0.632516 10.292508 -0.505418
29.699999 -0.612968 10.326851 -0.421363
30.599998 -0.592659 10.355043 -0.345532
31.500000 -0.571621 10.377297 -0.280082
32.399998 -0.549885 10.393828 -0.227171
33.299999 -0.527484 10.404848 -0.188958
34.200001 -0.503840 10.410572 -0.160796
35.099998 -0.476765 10.411212 -0.135588
36.000000 -0.446554 10.406983 -0.113162
36.899998 -0.413775 10.398098 -0.093357
37.799999 -0.378997 10.384770 -0.076009
38.700001 -0.342786 10.367215 -0.060956
39.599998 -0.305711 10.345644 -0.048035
40.500000 -0.268339 10.320271 -0.037083
41.399998 -0.231238 10.291311 -0.027937
42.299999 -0.194976 10.258974 -0.020435
43.199997 -0.160120 10.222848 -0.014414
44.099998 -0.127239 10.182924 -0.009710
45.000000 -0.096900 10.139843 -0.006162
51
0.000000 -0.051731 0.269728 -0.085430
0.900000 -0.045263 0.304429 -0.084130
1.800000 -0.037767 0.338448 -0.080901
2.700000 -0.029392 0.371546 -0.075144
3.600000 -0.020287 0.403477 -0.066262
4.500000 -0.010601 0.434004 -0.053696
5.400000 -0.000004 0.462883 -0.037553
6.300000 0.013723 0.489871 -0.018470
7.200000 0.030045 0.514729 0.002899
8.099999 0.047971 0.537213 0.025902
9.000000 0.066516 0.557083 0.049888
9.900000 0.084690 0.574097 0.074203
10.799999 0.101505 0.588014 0.098197
11.700000 0.115974 0.598591 0.121216
12.599999 0.127108 0.605587 0.142610
13.500000 0.133919 0.608762 0.161724
14.400000 0.135509 0.608218 0.177908
15.299999 0.133396 0.604222 0.190510
16.199999 0.128704 0.596849 0.198876
17.100000 0.121770 0.586173 0.202448
18.000000 0.112934 0.572272 0.202624
18.900000 0.102533 0.555220 0.200273
19.799999 0.090904 0.535093 0.195638
20.699999 0.078387 0.511967 0.188968
21.599998 0.065319 0.485918 0.180504
22.500000 0.052037 0.457021 0.170496
23.400000 0.038880 0.424775 0.159187
24.299999 0.026186 0.388593 0.146822
25.199999 0.014293 0.349030 0.133648
26.099998 0.003540 0.306653 0.119909
27.000000 -0.005737 0.262034 0.105850
27.900002 -0.014610 0.215741 0.091718
28.799999 -0.023953 0.168344 0.077757
29.699999 -0.033110 0.120413 0.064215
30.599998 -0.041425 0.072517 0.051333
31.500000 -0.048242 0.025224 0.039361
32.399998 -0.052906 -0.020894 0.028541
33.299999 -0.054761 -0.065268 0.019120
34.200001 -0.053150 -0.107329 0.011174
35.099998 -0.045940 -0.146509 0.003482
36.000000 -0.030161 -0.182235 -0.004200
36.899998 -0.008766 -0.213939 -0.011821
37.799999 0.014971 -0.241054 -0.019329
38.700001 0.037779 -0.263007 -0.026671
39.599998 0.056385 -0.279230 -0.033796
40.500000 0.067515 -0.289153 -0.040651
41.399998 0.068624 -0.292209 -0.047184
42.299999 0.064319 -0.287497 -0.053343
43.199997 0.056529 -0.273486 -0.059076
44.099998 0.045810 -0.250417 -0.064328
45.000000 0.032722 -0.218715 -0.069051
"r lower arm"
""
8 0.000000 0.000000 0.000000 0.000000 0.000000 0.000000
51
0.000000 -1.720623 10.211364 -0.247493
0.900000 -1.689083 10.265687 -0.162524
1.800000 -1.698230 10.315413 -0.047852
2.700000 -1.724670 10.356745 0.085906
3.600000 -1.759183 10.388844 0.234175
4.500000 -1.806861 10.407986 0.395338
5.400000 -1.860777 10.414467 0.554817
6.300000 -1.923883 10.412845 0.692240
7.200000 -1.994951 10.406492 0.794231
8.099999 -2.066695 10.396154 0.853536
9.000000 -2.136685 10.377468 0.843273
9.900000 -2.209279 10.348194 0.753290
10.799999 -2.305723 10.305037 0.591828
11.700000 -2.423394 10.251125 0.362907
12.599999 -2.549920 10.192751 0.068927
13.500000 -2.669368 10.133555 -0.256284
14.400000 -2.765214 10.071460 -0.570881
15.299999 -2.837255 10.000969 -0.852602
16.199999 -2.900395 9.924375 -1.125398
17.100000 -2.956773 9.840978 -1.375811
18.000000 -3.006334 9.760212 -1.588042
18.900000 -3.048592 9.703120 -1.752040
19.799999 -3.083150 9.684090 -1.891639
20.699999 -3.107268 9.716244 -2.012828
21.599998 -3.120721 9.788328 -2.116507
22.500000 -3.124580 9.880491 -2.203835
23.400000 -3.119726 9.983438 -2.276186
24.299999 -3.106204 10.091800 -2.335718
25.199999 -3.084219 10.200468 -2.385001
26.099998 -3.055461 10.302025 -2.426148
27.000000 -3.022130 10.389079 -2.461292
27.900002 -2.988710 10.455169 -2.493618
28.799999 -2.955610 10.497377 -2.526895
29.699999 -2.922147 10.514816 -2.532783
30.599998 -2.893279 10.487240 -2.454695
31.500000 -2.864036 10.437041 -2.311530
32.399998 -2.827749 10.386461 -2.132075
33.299999 -2.781322 10.347177 -1.939308
34.200001 -2.723743 10.321630 -1.741015
35.099998 -2.656626 10.307165 -1.536157
36.000000 -2.585554 10.302456 -1.327717
36.899998 -2.518128 10.307295 -1.116037
37.799999 -2.457210 10.316945 -0.919662
38.700001 -2.403446 10.327570 -0.748282
39.599998 -2.354195 10.336564 -0.605179
40.500000 -2.316526 10.343853 -0.483760
41.399998 -2.298356 10.350977 -0.378916
42.299999 -2.301350 10.357669 -0.289923
43.199997 -2.321085 10.357920 -0.227400
44.099998 -2.348191 10.346102 -0.198025
45.000000 -2.375722 10.320639 -0.203791
51
0.000000 0.551532 0.348150 -0.123214
0.900000 0.525289 0.510528 -0.081045
1.800000 0.502237 0.624849 -0.054938
2.700000 0.482568 0.704172 -0.042556
3.600000 0.469567 0.758517 -0.039827
4.500000 0.469945 0.794223 -0.044270
5.400000 0.485280 0.815196 -0.054153
6.300000 0.511150 0.823431 -0.068773
7.200000 0.546102 0.817934 -0.085528
8.099999 0.596603 0.799463 -0.098508
9.000000 0.676904 0.763990 -0.097913
9.900000 0.775620 0.715462 -0.089015
10.799999 0.883052 0.660434 -0.077662
11.700000 0.989706 0.603879 -0.068602
12.599999 1.088356 0.551335 -0.064317
13.500000 1.176336 0.507903 -0.064193
14.400000 1.254845 0.477833 -0.065595
15.299999 1.325730 0.455476 -0.067542
16.199999 1.386715 0.429113 -0.069673
17.100000 1.435292 0.399298 -0.073566
18.000000 1.469914 0.366709 -0.080227
18.900000 1.489954 0.331983 -0.090117
19.799999 1.495525 0.295808 -0.103196
20.699999 1.487618 0.260196 -0.117435
21.599998 1.466503 0.225768 -0.132064
22.500000 1.433698 0.192639 -0.147273
23.400000 1.391733 0.161200 -0.163212
24.299999 1.340757 0.131935 -0.180111
25.199999 1.280616 0.105173 -0.198022
26.099998 1.212226 0.080817 -0.216513
27.000000 1.136258 0.058723 -0.235111
27.900002 1.052315 0.039880 -0.253360
28.799999 0.959451 0.023618 -0.270778
29.699999 0.866795 0.008897 -0.287780
30.599998 0.793454 -0.005795 -0.304447
31.500000 0.731027 -0.022799 -0.319821
32.399998 0.668443 -0.044259 -0.332323
33.299999 0.600397 -0.074592 -0.340751
34.200001 0.527324 -0.115147 -0.342387
35.099998 0.452695 -0.163406 -0.335941
36.000000 0.380578 -0.216954 -0.321066
36.899998 0.315858 -0.274597 -0.298070
37.799999 0.253894 -0.337342 -0.267324
38.700001 0.194713 -0.404611 -0.231050
39.599998 0.141588 -0.467784 -0.193494
40.500000 0.104345 -0.521787 -0.159996
41.399998 0.093674 -0.563127 -0.136672
42.299999 0.119083 -0.591846 -0.127102
43.199997 0.179897 -0.608986 -0.134164
44.099998 0.263559 -0.618301 -0.155678
45.000000 0.358189 -0.623107 -0.188121
"r foot"
""
8 0.000000 0.000000 0.000000 0.000000 0.000000 0.000000
51
0.000000 -0.776252 1.218531 0.239910
0.900000 -0.746935 1.218530 0.209421
1.800000 -0.743778 1.218531 0.185283
2.700000 -0.743778 1.218531 0.169292
3.600000 -0.743778 1.218531 0.163241
4.500000 -0.743777 1.218530 0.163269
5.400000 -0.743777 1.218532 0.163383
6.300000 -0.743778 1.218531 0.163569
7.200000 -0.743777 1.218531 0.163823
8.099999 -0.743778 1.218531 0.164138
9.000000 -0.743778 1.218530 0.164510
9.900000 -0.743777 1.218531 0.164934
10.799999 -0.743778 1.218530 0.165405
11.700000 -0.743778 1.218531 0.165918
12.599999 -0.743777 1.218530 0.166468
13.500000 -0.743778 1.218531 0.167049
14.400000 -0.743778 1.218531 0.167657
15.299999 -0.743777 1.218530 0.168286
16.199999 -0.743778 1.218530 0.168932
17.100000 -0.743778 1.218531 0.169590
18.000000 -0.743778 1.218531 0.170253
18.900000 -0.743778 1.218530 0.170918
19.799999 -0.743778 1.218531 0.171579
20.699999 -0.743778 1.218531 0.172232
21.599998 -0.743778 1.218530 0.172871
22.500000 -0.743777 1.218531 0.173491
23.400000 -0.743778 1.218530 0.174087
24.299999 -0.743778 1.218530 0.174653
25.199999 -0.743777 1.218531 0.175187
26.099998 -0.743778 1.218530 0.175681
27.000000 -0.743778 1.218531 0.176130
27.900002 -0.743777 1.218530 0.176532
28.799999 -0.743778 1.218530 0.176878
29.699999 -0.743777 1.218531 0.177165
30.599998 -0.743778 1.218532 0.177387
31.500000 -0.743778 1.218531 0.177540
32.399998 -0.743778 1.218530 0.177619
33.299999 -0.744389 1.218531 0.178052
34.200001 -0.748987 1.218531 0.181228
35.099998 -0.757673 1.218531 0.187229
36.000000 -0.769951 1.218531 0.195712
36.899998 -0.785326 1.218531 0.206333
37.799999 -0.803301 1.218531 0.218753
38.700001 -0.823382 1.218531 0.232625
39.599998 -0.845071 1.218530 0.247611
40.500000 -0.867875 1.218531 0.263365
41.399998 -0.891297 1.218531 0.279546
42.299999 -0.914840 1.218531 0.295812
43.199997 -0.938010 1.218531 0.311819
44.099998 -0.960311 1.218530 0.327226
45.000000 -0.981247 1.218531 0.341690
51
0.000000 -0.018478 0.410192 -0.102415
0.900000 -0.011574 0.463149 -0.098469
1.800000 -0.005419 0.510787 -0.094003
2.700000 -0.000396 0.549317 -0.089148
3.600000 0.003112 0.574948 -0.084034
4.500000 0.004725 0.583926 -0.078791
5.400000 0.004060 0.584931 -0.073552
6.300000 0.000733 0.586748 -0.068444
7.200000 -0.005714 0.589262 -0.063600
8.099999 -0.014969 0.592363 -0.064377
9.000000 -0.026363 0.595938 -0.072272
9.900000 -0.039227 0.599876 -0.081620
10.799999 -0.052889 0.604065 -0.086758
11.700000 -0.066680 0.608392 -0.084437
12.599999 -0.079931 0.612746 -0.080098
13.500000 -0.090619 0.617015 -0.081108
14.400000 -0.097624 0.621086 -0.093030
15.299999 -0.101618 0.624850 -0.108016
16.199999 -0.103283 0.628191 -0.120427
17.100000 -0.103292 0.631001 -0.127087
18.000000 -0.102324 0.633164 -0.131896
18.900000 -0.101055 0.634571 -0.135172
19.799999 -0.100162 0.635110 -0.136245
20.699999 -0.099714 0.634487 -0.134445
21.599998 -0.096813 0.630114 -0.129104
22.500000 -0.091684 0.622122 -0.119548
23.400000 -0.085167 0.611737 -0.108733
24.299999 -0.078103 0.600187 -0.099931
25.199999 -0.071330 0.588700 -0.092956
26.099998 -0.065687 0.578503 -0.087623
27.000000 -0.062014 0.570823 -0.083741
27.900002 -0.061152 0.566895 -0.081125
28.799999 -0.063938 0.568140 -0.079588
29.699999 -0.070510 0.573708 -0.078942
30.599998 -0.077183 0.581771 -0.079001
31.500000 -0.083333 0.590499 -0.079578
32.399998 -0.089007 0.598063 -0.080805
33.299999 -0.094251 0.602635 -0.084384
34.200001 -0.099111 0.602386 -0.090340
35.099998 -0.103633 0.596069 -0.098376
36.000000 -0.107864 0.584140 -0.108190
36.899998 -0.111851 0.567324 -0.119486
37.799999 -0.115639 0.546343 -0.131963
38.700001 -0.119274 0.521923 -0.145322
39.599998 -0.122804 0.494788 -0.159264
40.500000 -0.124226 0.465662 -0.173491
41.399998 -0.121962 0.435269 -0.186606
42.299999 -0.116690 0.404332 -0.192404
43.199997 -0.109087 0.373578 -0.191213
44.099998 -0.099836 0.343731 -0.184539
45.000000 -0.089615 0.315512 -0.173881
"r hand"
""
8 0.000000 0.000000 0.000000 0.000000 0.000000 0.000000
51
0.000000 -2.390405 8.507732 -1.242878
0.900000 -2.420300 8.518097 -1.030286
1.800000 -2.455472 8.529661 -0.809056
2.700000 -2.495425 8.543894 -0.593261
3.600000 -2.544789 8.562270 -0.388889
4.500000 -2.622825 8.586262 -0.202395
5.400000 -2.726873 8.617339 -0.046822
6.300000 -2.853924 8.656973 0.064789
7.200000 -2.993375 8.706638 0.119397
8.099999 -3.132045 8.770974 0.101488
9.000000 -3.256755 8.856984 -0.037256
9.900000 -3.360313 8.958755 -0.288985
10.799999 -3.461750 9.069613 -0.624349
11.700000 -3.560170 9.183909 -1.019320
12.599999 -3.651238 9.295998 -1.455767
13.500000 -3.730617 9.400227 -1.892664
14.400000 -3.793968 9.490952 -2.287399
15.299999 -3.836957 9.562522 -2.627460
16.199999 -3.856602 9.609291 -2.949719
17.100000 -3.858449 9.625613 -3.241919
18.000000 -3.845647 9.617533 -3.489871
18.900000 -3.820505 9.604249 -3.684948
19.799999 -3.785331 9.599599 -3.851629
20.699999 -3.742435 9.617195 -3.994875
21.599998 -3.694124 9.646047 -4.114687
22.500000 -3.642707 9.669899 -4.211061
23.400000 -3.590493 9.685359 -4.283992
24.299999 -3.539790 9.688434 -4.333481
25.199999 -3.492908 9.675114 -4.359523
26.099998 -3.452154 9.641406 -4.362116
27.000000 -3.419878 9.583302 -4.341259
27.900002 -3.402593 9.496804 -4.296947
28.799999 -3.399155 9.380571 -4.229178
29.699999 -3.402883 9.251964 -4.118927
30.599998 -3.407097 9.118279 -3.939180
31.500000 -3.405113 8.983690 -3.703207
32.399998 -3.390251 8.852367 -3.425097
33.299999 -3.355831 8.728479 -3.118935
34.200001 -3.297052 8.616199 -2.792004
35.099998 -3.216251 8.519694 -2.449134
36.000000 -3.119452 8.443138 -2.102087
36.899998 -3.012936 8.389263 -1.762625
37.799999 -2.902982 8.349797 -1.442517
38.700001 -2.795867 8.321692 -1.153526
39.599998 -2.697871 8.303760 -0.907420
40.500000 -2.615275 8.294807 -0.715966
41.399998 -2.551748 8.293648 -0.590927
42.299999 -2.499195 8.299095 -0.544657
43.199997 -2.455664 8.309328 -0.583655
44.099998 -2.420334 8.322943 -0.691361
45.000000 -2.392382 8.339171 -0.848205
51
0.000000 0.707408 -0.028997 -0.289151
0.900000 0.669100 0.083260 -0.281453
1.800000 0.628601 0.200721 -0.272511
2.700000 0.588218 0.316184 -0.262494
3.600000 0.550259 0.422444 -0.251575
4.500000 0.517032 0.512300 -0.239921
5.400000 0.490842 0.580364 -0.227705
6.300000 0.473995 0.636874 -0.215095
7.200000 0.468802 0.685131 -0.202263
8.099999 0.477567 0.725577 -0.189377
9.000000 0.503505 0.758653 -0.176612
9.900000 0.547584 0.784800 -0.164133
10.799999 0.606602 0.804461 -0.152112
11.700000 0.677288 0.818075 -0.140720
12.599999 0.756372 0.826084 -0.130127
13.500000 0.840578 0.828930 -0.120502
14.400000 0.926637 0.827055 -0.112017
15.299999 1.011274 0.820899 -0.104841
16.199999 1.091220 0.812669 -0.099145
17.100000 1.163200 0.804206 -0.095099
18.000000 1.223943 0.795143 -0.092874
18.900000 1.270178 0.785122 -0.092639
19.799999 1.298633 0.773776 -0.094564
20.699999 1.310463 0.760743 -0.098820
21.599998 1.308091 0.745659 -0.106206
22.500000 1.290608 0.728161 -0.120436
23.400000 1.257106 0.707886 -0.141306
24.299999 1.206678 0.684469 -0.167872
25.199999 1.138414 0.657549 -0.199191
26.099998 1.051409 0.626761 -0.234316
27.000000 0.944751 0.591742 -0.272302
27.900002 0.821481 0.552130 -0.312208
28.799999 0.704677 0.507558 -0.353086
29.699999 0.598206 0.457668 -0.393993
30.599998 0.502021 0.402091 -0.433984
31.500000 0.416076 0.340468 -0.472116
32.399998 0.340325 0.270684 -0.507442
33.299999 0.274724 0.184076 -0.539021
34.200001 0.219225 0.084123 -0.565904
35.099998 0.173783 -0.023701 -0.587150
36.000000 0.138353 -0.133923 -0.601814
36.899998 0.112887 -0.241068 -0.604946
37.799999 0.097342 -0.339664 -0.590465
38.700001 0.092276 -0.424239 -0.562307
39.599998 0.106983 -0.489316 -0.524659
40.500000 0.141797 -0.529425 -0.481705
41.399998 0.193016 -0.539091 -0.437629
42.299999 0.256936 -0.517125 -0.396619
43.199997 0.329852 -0.486464 -0.362858
44.099998 0.408061 -0.452843 -0.340250
45.000000 0.487860 -0.418017 -0.325361
"r leg"
""
8 0.000000 0.000000 0.000000 0.000000 0.000000 0.000000
51
0.000000 -1.267732 5.114515 -0.598207
0.900000 -1.291614 5.139012 -0.465737
1.800000 -1.308176 5.158286 -0.346199
2.700000 -1.307735 5.172420 -0.244719
3.600000 -1.294887 5.182553 -0.161566
4.500000 -1.283664 5.188850 -0.097068
5.400000 -1.278586 5.191930 -0.057468
6.300000 -1.285379 5.191531 -0.047690
7.200000 -1.307978 5.187331 -0.066386
8.099999 -1.344110 5.179129 -0.111471
9.000000 -1.386376 5.167102 -0.179783
9.900000 -1.431487 5.150500 -0.270230
10.799999 -1.484862 5.127362 -0.377293
11.700000 -1.543674 5.096482 -0.500678
12.599999 -1.603737 5.056015 -0.644008
13.500000 -1.663524 5.005387 -0.800669
14.400000 -1.722960 4.944497 -0.964187
15.299999 -1.783877 4.872994 -1.130087
16.199999 -1.848349 4.790984 -1.294006
17.100000 -1.918102 4.699448 -1.451173
18.000000 -1.986162 4.608048 -1.587685
18.900000 -2.039837 4.535387 -1.684178
19.799999 -2.068721 4.490521 -1.741873
20.699999 -2.065753 4.483977 -1.754406
21.599998 -2.036587 4.510555 -1.728156
22.500000 -1.990671 4.558258 -1.674256
23.400000 -1.931615 4.620861 -1.596754
24.299999 -1.862813 4.692292 -1.499691
25.199999 -1.787595 4.766963 -1.387428
26.099998 -1.709894 4.839527 -1.265738
27.000000 -1.634641 4.904884 -1.142905
27.900002 -1.567697 4.958664 -1.029805
28.799999 -1.514284 4.998167 -0.938181
29.699999 -1.466320 5.031029 -0.855056
30.599998 -1.422089 5.058838 -0.778976
31.500000 -1.381963 5.081397 -0.713342
32.399998 -1.346288 5.098554 -0.662078
33.299999 -1.315553 5.110143 -0.629302
34.200001 -1.291198 5.116572 -0.614996
35.099998 -1.271955 5.118594 -0.617581
36.000000 -1.256727 5.115681 -0.639727
36.899998 -1.243561 5.108822 -0.675904
37.799999 -1.231174 5.099009 -0.720132
38.700001 -1.219378 5.087129 -0.767289
39.599998 -1.208611 5.073999 -0.813468
40.500000 -1.199445 5.060453 -0.855736
41.399998 -1.192415 5.047297 -0.892019
42.299999 -1.187073 5.033892 -0.925500
43.199997 -1.183220 5.019993 -0.957608
44.099998 -1.180444 5.005778 -0.988442
45.000000 -1.178144 4.991764 -1.017218
51
0.000000 -0.228457 0.415894 0.031082
0.900000 -0.190672 0.496525 0.045497
1.800000 -0.156402 0.572730 0.056070
2.700000 -0.127339 0.641922 0.064108
3.600000 -0.104307 0.701081 0.069577
4.500000 -0.086848 0.748450 0.074771
5.400000 -0.075773 0.781030 0.079157
6.300000 -0.073632 0.797355 0.081494
7.200000 -0.081153 0.806068 0.081323
8.099999 -0.098124 0.811535 0.077869
9.000000 -0.123406 0.813596 0.070140
9.900000 -0.156418 0.811986 0.057917
10.799999 -0.195085 0.807784 0.044221
11.700000 -0.239050 0.800805 0.028910
12.599999 -0.289212 0.790345 0.010779
13.500000 -0.343055 0.777019 -0.008432
14.400000 -0.398319 0.761599 -0.026948
15.299999 -0.453684 0.744916 -0.043295
16.199999 -0.508013 0.727797 -0.056180
17.100000 -0.560087 0.711053 -0.064448
18.000000 -0.605151 0.695634 -0.067334
18.900000 -0.635779 0.682175 -0.064403
19.799999 -0.651301 0.669263 -0.058399
20.699999 -0.648778 0.656228 -0.050045
21.599998 -0.631025 0.642554 -0.039860
22.500000 -0.603145 0.628001 -0.028506
23.400000 -0.567452 0.612380 -0.016546
24.299999 -0.526137 0.595556 -0.004484
25.199999 -0.481285 0.577434 0.007251
26.099998 -0.435184 0.557988 0.018307
27.000000 -0.390604 0.537237 0.028426
27.900002 -0.350754 0.515212 0.037514
28.799999 -0.318782 0.492011 0.045538
29.699999 -0.290502 0.468471 0.052272
30.599998 -0.265290 0.445017 0.057596
31.500000 -0.243895 0.421802 0.061445
32.399998 -0.227191 0.398989 0.063770
33.299999 -0.216196 0.376673 0.064443
34.200001 -0.211325 0.354816 0.063182
35.099998 -0.211997 0.333547 0.060159
36.000000 -0.218724 0.313104 0.055337
36.899998 -0.229847 0.293523 0.049121
37.799999 -0.243643 0.274792 0.041964
38.700001 -0.258672 0.257139 0.034339
39.599998 -0.273820 0.240640 0.026723
40.500000 -0.288212 0.225061 0.019598
41.399998 -0.301204 0.210254 0.013337
42.299999 -0.313572 0.196382 0.007664
43.199997 -0.325610 0.183546 0.002512
44.099998 -0.337265 0.171854 -0.002173
45.000000 -0.348240 0.161459 -0.006479
"r thigh"
""
8 0.000000 0.000000 0.000000 0.000000 0.000000 0.000000
51
0.000000 -0.904345 9.004209 0.497852
0.900000 -0.946553 9.069960 0.500452
1.800000 -0.989564 9.125855 0.491935
2.700000 -1.028991 9.171804 0.470134
3.600000 -1.065528 9.207766 0.440980
4.500000 -1.114483 9.233787 0.409940
5.400000 -1.170097 9.250301 0.375348
6.300000 -1.225854 9.257662 0.333405
7.200000 -1.273736 9.256762 0.283532
8.099999 -1.305360 9.248464 0.225607
9.000000 -1.312252 9.233482 0.159441
9.900000 -1.291854 9.210479 0.084773
10.799999 -1.267776 9.177796 0.001281
11.700000 -1.243677 9.134723 -0.096734
12.599999 -1.219769 9.080496 -0.220897
13.500000 -1.196293 9.014337 -0.359944
14.400000 -1.173460 8.935498 -0.500890
15.299999 -1.153245 8.842814 -0.633190
16.199999 -1.137470 8.735149 -0.745964
17.100000 -1.127266 8.611531 -0.827473
18.000000 -1.121009 8.482115 -0.865972
18.900000 -1.117813 8.370458 -0.855281
19.799999 -1.117644 8.294986 -0.822342
20.699999 -1.120448 8.273918 -0.774606
21.599998 -1.126135 8.300781 -0.714584
22.500000 -1.134571 8.358548 -0.644826
23.400000 -1.145846 8.439183 -0.568276
24.299999 -1.160011 8.534654 -0.487996
25.199999 -1.176468 8.637003 -0.406380
26.099998 -1.194520 8.738241 -0.325827
27.000000 -1.213388 8.830325 -0.248730
27.900002 -1.231864 8.905554 -0.175684
28.799999 -1.249040 8.958778 -0.107438
29.699999 -1.264462 9.003052 -0.046614
30.599998 -1.277581 9.041308 0.004192
31.500000 -1.287764 9.073283 0.042423
32.399998 -1.294307 9.098660 0.065576
33.299999 -1.296454 9.117089 0.071209
34.200001 -1.293031 9.128353 0.063738
35.099998 -1.282623 9.132879 0.048214
36.000000 -1.264622 9.130313 0.021749
36.899998 -1.239657 9.121980 -0.011099
37.799999 -1.209176 9.109155 -0.045466
38.700001 -1.175242 9.092814 -0.076595
39.599998 -1.140329 9.073616 -0.099832
40.500000 -1.107053 9.052014 -0.110602
41.399998 -1.077585 9.028360 -0.105239
42.299999 -1.050990 9.002029 -0.088664
43.199997 -1.026858 8.972312 -0.061846
44.099998 -1.004738 8.939110 -0.025390
45.000000 -0.983860 8.902934 0.019952
51
0.000000 0.294776 0.415894 0.031082
0.900000 0.269364 0.496525 0.045497
1.800000 0.243531 0.572730 0.056071
2.700000 0.217063 0.641922 0.064108
3.600000 0.190948 0.701081 0.069577
4.500000 0.166818 0.748450 0.074771
5.400000 0.146302 0.781030 0.079157
6.300000 0.130461 0.797355 0.081494
7.200000 0.120558 0.806068 0.081323
8.099999 0.116689 0.811535 0.077869
9.000000 0.117742 0.813596 0.070140
9.900000 0.123204 0.811986 0.057917
10.799999 0.131050 0.807784 0.044221
11.700000 0.139027 0.800805 0.028910
12.599999 0.144122 0.790345 0.010779
13.500000 0.148085 0.777019 -0.008432
14.400000 0.153287 0.761599 -0.026948
15.299999 0.161847 0.744916 -0.043295
16.199999 0.175930 0.727797 -0.056180
17.100000 0.197796 0.711053 -0.064448
18.000000 0.226799 0.695634 -0.067334
18.900000 0.258866 0.682175 -0.064403
19.799999 0.285433 0.669263 -0.058399
20.699999 0.301986 0.656228 -0.050045
21.599998 0.309776 0.642554 -0.039860
22.500000 0.311636 0.628001 -0.028506
23.400000 0.308024 0.612381 -0.016546
24.299999 0.299405 0.595556 -0.004484
25.199999 0.286581 0.577434 0.007251
26.099998 0.270778 0.557988 0.018307
27.000000 0.253919 0.537237 0.028426
27.900002 0.239080 0.515212 0.037514
28.799999 0.229351 0.492011 0.045538
29.699999 0.220246 0.468471 0.052272
30.599998 0.210660 0.445017 0.057596
31.500000 0.200840 0.421802 0.061445
32.399998 0.191181 0.398989 0.063770
33.299999 0.182109 0.376673 0.064443
34.200001 0.174753 0.354816 0.063182
35.099998 0.169968 0.333547 0.060159
36.000000 0.167629 0.313104 0.055337
36.899998 0.167418 0.293523 0.049121
37.799999 0.168998 0.274792 0.041964
38.700001 0.172256 0.257139 0.034339
39.599998 0.177362 0.240640 0.026723
40.500000 0.184713 0.225061 0.019598
41.399998 0.194698 0.210255 0.013337
42.299999 0.206879 0.196382 0.007664
43.199997 0.221382 0.183546 0.002512
44.099998 0.238103 0.171854 -0.002173
45.000000 0.256681 0.161459 -0.006479
"r upper arm"
""
8 0.000000 0.000000 0.000000 0.000000 0.000000 0.000000
51
0.000000 -1.433029 13.255757 -0.338835
0.900000 -1.531453 13.320358 -0.217410
1.800000 -1.626043 13.373411 -0.092500
2.700000 -1.709041 13.415355 0.030627
3.600000 -1.776574 13.447091 0.162147
4.500000 -1.853764 13.464955 0.288800
5.400000 -1.945244 13.468217 0.391306
6.300000 -2.046391 13.460788 0.457056
7.200000 -2.156589 13.445091 0.474102
8.099999 -2.260689 13.423667 0.453451
9.000000 -2.335955 13.400404 0.409887
9.900000 -2.372398 13.377152 0.345177
10.799999 -2.402489 13.346524 0.260723
11.700000 -2.432645 13.305111 0.152495
12.599999 -2.460649 13.252319 0.010800
13.500000 -2.482994 13.187481 -0.147300
14.400000 -2.497675 13.109785 -0.304902
15.299999 -2.505682 13.018088 -0.450723
16.199999 -2.509257 12.911042 -0.576243
17.100000 -2.510342 12.787341 -0.672816
18.000000 -2.510359 12.657608 -0.731857
18.900000 -2.510455 12.545677 -0.750415
19.799999 -2.511437 12.470034 -0.758766
20.699999 -2.513509 12.448978 -0.767864
21.599998 -2.515660 12.476213 -0.783091
22.500000 -2.515090 12.535058 -0.807729
23.400000 -2.508241 12.617668 -0.843421
24.299999 -2.490376 12.716481 -0.887853
25.199999 -2.458621 12.823195 -0.938253
26.099998 -2.414526 12.927448 -0.991521
27.000000 -2.361205 13.018939 -1.044431
27.900002 -2.303276 13.087673 -1.093869
28.799999 -2.244370 13.128060 -1.137061
29.699999 -2.180355 13.156193 -1.179994
30.599998 -2.108233 13.176894 -1.227344
31.500000 -2.029566 13.191629 -1.275738
32.399998 -1.947356 13.201848 -1.322390
33.299999 -1.865790 13.208895 -1.365249
34.200001 -1.789101 13.213859 -1.396551
35.099998 -1.716434 13.215514 -1.414849
36.000000 -1.649932 13.213265 -1.422385
36.899998 -1.592986 13.207295 -1.418224
37.799999 -1.548571 13.197884 -1.401111
38.700001 -1.511864 13.185882 -1.374644
39.599998 -1.476056 13.172218 -1.343476
40.500000 -1.441695 13.156863 -1.307666
41.399998 -1.409180 13.139826 -1.267218
42.299999 -1.378525 13.121245 -1.222106
43.199997 -1.349702 13.100621 -1.172307
44.099998 -1.322671 13.077825 -1.117815
45.000000 -1.297394 13.053338 -1.058665
51
0.000000 0.020937 0.352071 -0.122245
0.900000 0.028914 0.514212 -0.080107
1.800000 0.028841 0.628375 -0.054025
2.700000 0.021011 0.707622 -0.041671
3.600000 0.010646 0.761956 -0.038959
4.500000 -0.007815 0.797805 -0.043379
5.400000 -0.036939 0.819109 -0.053196
6.300000 -0.072722 0.827796 -0.067725
7.200000 -0.113086 0.822844 -0.084371
8.099999 -0.147754 0.804971 -0.097166
9.000000 -0.155294 0.770071 -0.096160
9.900000 -0.133693 0.721975 -0.086665
10.799999 -0.091514 0.667219 -0.074612
11.700000 -0.035808 0.610760 -0.064844
12.599999 0.027115 0.558154 -0.059908
13.500000 0.091386 0.514548 -0.059216
14.400000 0.149431 0.484274 -0.060106
15.299999 0.198693 0.461719 -0.061591
16.199999 0.251127 0.435084 -0.063375
17.100000 0.305019 0.404945 -0.067055
18.000000 0.357942 0.372010 -0.073641
18.900000 0.407611 0.336943 -0.083584
19.799999 0.451986 0.300458 -0.096829
20.699999 0.489656 0.264574 -0.111317
21.599998 0.519096 0.229917 -0.126267
22.500000 0.539505 0.196606 -0.141845
23.400000 0.550759 0.165023 -0.158176
24.299999 0.554519 0.135632 -0.175494
25.199999 0.552750 0.108738 -0.193856
26.099998 0.547340 0.084226 -0.212828
27.000000 0.540213 0.061925 -0.231932
27.900002 0.533617 0.042801 -0.250720
28.799999 0.529837 0.026152 -0.268707
29.699999 0.516279 0.011059 -0.286203
30.599998 0.471223 -0.003722 -0.303118
31.500000 0.404158 -0.020614 -0.318611
32.399998 0.327131 -0.041896 -0.331221
33.299999 0.248775 -0.072083 -0.339795
34.200001 0.173703 -0.112561 -0.341612
35.099998 0.101084 -0.160784 -0.335359
36.000000 0.030097 -0.214306 -0.320672
36.899998 -0.039959 -0.271889 -0.297853
37.799999 -0.103483 -0.334613 -0.267282
38.700001 -0.159122 -0.401911 -0.231176
39.599998 -0.206846 -0.465133 -0.193773
40.500000 -0.247546 -0.519122 -0.160406
41.399998 -0.280929 -0.560300 -0.137191
42.299999 -0.305268 -0.588649 -0.127694
43.199997 -0.314576 -0.605258 -0.134739
44.099998 -0.305881 -0.614003 -0.156096
45.000000 -0.279080 -0.618299 -0.188226
"neck"
""
8 0.000000 0.000000 0.000000 0.000000 0.000000 0.000000
51
0.000000 0.053825 13.328961 -0.418834
0.900000 -0.050332 13.409809 -0.361531
1.800000 -0.154700 13.480576 -0.307341
2.700000 -0.252714 13.540814 -0.262403
3.600000 -0.344001 13.590570 -0.224689
4.500000 -0.452879 13.630268 -0.193574
5.400000 -0.578805 13.660381 -0.172970
6.300000 -0.707926 13.681384 -0.161282
7.200000 -0.829174 13.693658 -0.157306
8.099999 -0.930178 13.697642 -0.160691
9.000000 -0.995677 13.694136 -0.173096
9.900000 -1.017343 13.682152 -0.196389
10.799999 -1.031004 13.659284 -0.232940
11.700000 -1.045555 13.624493 -0.290755
12.599999 -1.060176 13.577171 -0.383714
13.500000 -1.072093 13.516434 -0.498926
14.400000 -1.079621 13.441464 -0.623653
15.299999 -1.083007 13.351409 -0.746336
16.199999 -1.083421 13.245268 -0.855130
17.100000 -1.082042 13.122018 -0.938228
18.000000 -1.079641 12.992332 -0.983845
18.900000 -1.076828 12.880033 -0.985812
19.799999 -1.074031 12.803563 -0.971170
20.699999 -1.071340 12.781144 -0.947606
21.599998 -1.068147 12.806320 -0.918097
22.500000 -1.062883 12.862317 -0.888273
23.400000 -1.053077 12.941133 -0.862425
24.299999 -1.034645 13.034463 -0.840664
25.199999 -1.005125 13.133818 -0.822687
26.099998 -0.966419 13.230347 -0.807857
27.000000 -0.921552 13.315338 -0.795358
27.900002 -0.874625 13.380367 -0.784388
28.799999 -0.828183 13.420204 -0.774349
29.699999 -0.778837 13.448987 -0.764649
30.599998 -0.725294 13.470846 -0.754520
31.500000 -0.668618 13.486776 -0.743574
32.399998 -0.610868 13.497801 -0.731876
33.299999 -0.554840 13.504894 -0.720047
34.200001 -0.502949 13.508849 -0.702803
35.099998 -0.451983 13.508693 -0.681566
36.000000 -0.401574 13.503899 -0.661051
36.899998 -0.352701 13.494510 -0.642535
37.799999 -0.306199 13.480587 -0.627107
38.700001 -0.259810 13.462406 -0.614125
39.599998 -0.210542 13.440261 -0.602450
40.500000 -0.159446 13.414330 -0.592095
41.399998 -0.107494 13.384794 -0.583041
42.299999 -0.055304 13.351830 -0.575260
43.199997 -0.003514 13.314985 -0.568719
44.099998 0.047199 13.274218 -0.563396
45.000000 0.096111 13.230133 -0.559286
51
0.000000 -0.232218 0.083463 -0.099916
0.900000 -0.227019 0.140094 -0.087439
1.800000 -0.221095 0.199657 -0.073159
2.700000 -0.214601 0.258631 -0.057434
3.600000 -0.207694 0.313492 -0.040614
4.500000 -0.200529 0.360719 -0.023055
5.400000 -0.193264 0.396791 -0.005112
6.300000 -0.186056 0.418185 0.012861
7.200000 -0.179060 0.421446 0.030510
8.099999 -0.172433 0.414574 0.047482
9.000000 -0.166331 0.405108 0.063419
9.900000 -0.160911 0.393217 0.077971
10.799999 -0.156330 0.379070 0.090780
11.700000 -0.152744 0.362837 0.101495
12.599999 -0.150309 0.344685 0.109759
13.500000 -0.149180 0.324784 0.115220
14.400000 -0.149335 0.303302 0.117998
15.299999 -0.150615 0.280408 0.118658
16.199999 -0.152894 0.256272 0.117413
17.100000 -0.156045 0.231061 0.114479
18.000000 -0.159941 0.204946 0.110068
18.900000 -0.164457 0.178093 0.104395
19.799999 -0.169467 0.150674 0.097674
20.699999 -0.174845 0.122856 0.090118
21.599998 -0.180464 0.094808 0.081941
22.500000 -0.186200 0.066699 0.073359
23.400000 -0.191924 0.038700 0.064584
24.299999 -0.197510 0.010975 0.055830
25.199999 -0.202836 -0.016303 0.047312
26.099998 -0.207771 -0.042966 0.039243
27.000000 -0.212192 -0.068846 0.031837
27.900002 -0.215971 -0.093774 0.025309
28.799999 -0.218982 -0.117582 0.019872
29.699999 -0.221277 -0.140099 0.015736
30.599998 -0.223388 -0.161158 0.012636
31.500000 -0.225366 -0.180588 0.010254
32.399998 -0.227214 -0.198222 0.008505
33.299999 -0.228937 -0.213891 0.007305
34.200001 -0.230537 -0.227426 0.006568
35.099998 -0.232019 -0.238658 0.006212
36.000000 -0.233386 -0.247418 0.006150
36.899998 -0.234641 -0.253537 0.006299
37.799999 -0.235788 -0.256847 0.006574
38.700001 -0.236832 -0.256374 0.006890
39.599998 -0.237777 -0.249711 0.007163
40.500000 -0.238623 -0.237628 0.007307
41.399998 -0.239378 -0.221163 0.005416
42.299999 -0.240043 -0.201351 -0.002156
43.199997 -0.240623 -0.179228 -0.014325
44.099998 -0.241120 -0.155828 -0.029822
45.000000 -0.241540 -0.132189 -0.047376
"l lower arm"
""
8 0.000000 0.000000 0.000000 0.000000 0.000000 0.000000
51
0.000000 2.082683 10.401460 0.609926
0.900000 1.977820 10.470464 0.523906
1.800000 1.877998 10.532978 0.421105
2.700000 1.790793 10.591336 0.300671
3.600000 1.722222 10.650119 0.162596
4.500000 1.649666 10.710891 0.015637
5.400000 1.566888 10.774306 -0.121364
6.300000 1.491247 10.838144 -0.226241
7.200000 1.441068 10.899353 -0.283709
8.099999 1.419289 10.955702 -0.296824
9.000000 1.425443 11.002625 -0.279099
9.900000 1.460728 11.031828 -0.241190
10.799999 1.484190 11.036705 -0.208305
11.700000 1.495750 11.021618 -0.196827
12.599999 1.503521 10.988997 -0.227970
13.500000 1.516726 10.941202 -0.295236
14.400000 1.540783 10.881397 -0.385999
15.299999 1.578783 10.812519 -0.483061
16.199999 1.623141 10.730811 -0.569596
17.100000 1.670735 10.633916 -0.630976
18.000000 1.719224 10.531151 -0.652200
18.900000 1.766331 10.444941 -0.623201
19.799999 1.809706 10.392497 -0.565980
20.699999 1.846966 10.391346 -0.481423
21.599998 1.873094 10.438295 -0.354561
22.500000 1.881623 10.517603 -0.184584
23.400000 1.863630 10.621639 0.027300
24.299999 1.821605 10.741333 0.265828
25.199999 1.762282 10.865513 0.509302
26.099998 1.693716 10.981882 0.736214
27.000000 1.625443 11.076959 0.930283
27.900002 1.567792 11.136497 1.078834
28.799999 1.531028 11.148991 1.172927
29.699999 1.516625 11.126447 1.223744
30.599998 1.506554 11.084303 1.257970
31.500000 1.465473 11.042384 1.306723
32.399998 1.391793 11.004072 1.366560
33.299999 1.319499 10.955683 1.401323
34.200001 1.267417 10.892138 1.400407
35.099998 1.247540 10.814345 1.361193
36.000000 1.251153 10.729454 1.288477
36.899998 1.276096 10.643644 1.187800
37.799999 1.318852 10.562181 1.067079
38.700001 1.370973 10.487443 0.942864
39.599998 1.429318 10.419762 0.831913
40.500000 1.496934 10.356809 0.733163
41.399998 1.573822 10.298368 0.650737
42.299999 1.659107 10.244893 0.590546
43.199997 1.751599 10.197043 0.558697
44.099998 1.849590 10.157548 0.562085
45.000000 1.950927 10.127439 0.593497
51
0.000000 0.477941 0.236008 0.122982
0.900000 0.437382 0.266561 0.118143
1.800000 0.393902 0.310767 0.113057
2.700000 0.348527 0.371407 0.107905
3.600000 0.299234 0.459748 0.101422
4.500000 0.246315 0.573038 0.094077
5.400000 0.195065 0.685432 0.089367
6.300000 0.155928 0.774848 0.091798
7.200000 0.141577 0.827060 0.106193
8.099999 0.153098 0.830530 0.136944
9.000000 0.180728 0.786253 0.179795
9.900000 0.216146 0.704994 0.226001
10.799999 0.245007 0.599029 0.271763
11.700000 0.266099 0.480798 0.315455
12.599999 0.279126 0.363460 0.356260
13.500000 0.284573 0.258598 0.394178
14.400000 0.281748 0.173079 0.429422
15.299999 0.269870 0.111795 0.462001
16.199999 0.250242 0.063904 0.492859
17.100000 0.223939 0.025965 0.521976
18.000000 0.192438 -0.004260 0.548984
18.900000 0.157628 -0.028716 0.573403
19.799999 0.121940 -0.049108 0.594721
20.699999 0.088580 -0.066364 0.612334
21.599998 0.066035 -0.082584 0.626609
22.500000 0.055994 -0.100120 0.637851
23.400000 0.048839 -0.120140 0.645142
24.299999 0.030616 -0.143734 0.649611
25.199999 -0.001016 -0.170338 0.651981
26.099998 -0.048454 -0.199477 0.653216
27.000000 -0.111853 -0.230490 0.653887
27.900002 -0.190006 -0.262609 0.654028
28.799999 -0.280263 -0.295012 0.652686
29.699999 -0.369330 -0.327343 0.646975
30.599998 -0.432782 -0.358152 0.633520
31.500000 -0.440192 -0.388691 0.611677
32.399998 -0.392000 -0.417812 0.581162
33.299999 -0.318204 -0.444249 0.543923
34.200001 -0.232714 -0.465995 0.501529
35.099998 -0.145839 -0.480450 0.456018
36.000000 -0.060163 -0.483972 0.406322
36.899998 0.021437 -0.473339 0.354842
37.799999 0.097049 -0.447861 0.305809
38.700001 0.170066 -0.412636 0.262983
39.599998 0.244506 -0.369353 0.227266
40.500000 0.315341 -0.319201 0.199360
41.399998 0.380670 -0.263636 0.179417
42.299999 0.439693 -0.204358 0.166844
43.199997 0.491417 -0.143086 0.160386
44.099998 0.533549 -0.081434 0.158229
45.000000 0.565912 -0.021089 0.157819
"l foot"
""
8 0.000000 0.000000 0.000000 0.000000 0.000000 0.000000
51
0.000000 1.178483 1.229692 0.456065
0.900000 1.167883 1.305938 0.491637
1.800000 1.114013 1.425250 0.553588
2.700000 1.030272 1.598006 0.653748
3.600000 0.926077 2.303653 0.819082
4.500000 0.809141 3.652979 0.991420
5.400000 0.687179 5.222933 1.096443
6.300000 0.567906 6.590466 1.059833
7.200000 0.459038 7.332528 0.807857
8.099999 0.368290 7.555954 0.318777
9.000000 0.303375 7.646405 -0.337660
9.900000 0.272008 7.599079 -1.082455
10.799999 0.262353 7.409169 -1.836603
11.700000 0.257234 7.071872 -2.521108
12.599999 0.256364 6.454475 -3.056965
13.500000 0.259453 5.180470 -3.365174
14.400000 0.266213 3.610437 -3.413002
15.299999 0.276355 2.182555 -3.417472
16.199999 0.289591 1.335002 -3.417978
17.100000 0.305630 1.256218 -3.414642
18.000000 0.324185 1.256219 -3.407584
18.900000 0.344967 1.256217 -3.396924
19.799999 0.367686 1.256219 -3.382782
20.699999 0.392055 1.259730 -3.365279
21.599998 0.417784 1.287856 -3.344534
22.500000 0.444586 1.340061 -3.320666
23.400000 0.472169 1.411455 -3.293799
24.299999 0.500247 1.497145 -3.264050
25.199999 0.528531 1.592238 -3.231539
26.099998 0.556730 1.691842 -3.196388
27.000000 0.584557 1.791069 -3.158717
27.900002 0.611724 1.885024 -3.118647
28.799999 0.637940 1.968816 -3.076296
29.699999 0.662918 2.037552 -3.031784
30.599998 0.686369 2.086342 -2.985234
31.500000 0.708003 2.110295 -2.936764
32.399998 0.727532 2.107996 -2.878675
33.299999 0.745914 2.092047 -2.746830
34.200001 0.765651 2.065232 -2.539753
35.099998 0.786585 2.028813 -2.273262
36.000000 0.808458 1.984054 -1.963171
36.899998 0.831011 1.932220 -1.625296
37.799999 0.853985 1.874574 -1.275452
38.700001 0.877120 1.812376 -0.929451
39.599998 0.900159 1.746895 -0.603113
40.500000 0.922843 1.679392 -0.312250
41.399998 0.944911 1.611130 -0.072678
42.299999 0.966107 1.543373 0.099849
43.199997 0.986170 1.477383 0.219091
44.099998 1.004842 1.414425 0.307707
45.000000 1.021865 1.355763 0.370128
51
0.000000 -0.044617 -0.076851 0.072493
0.900000 -0.102824 -0.028223 0.078443
1.800000 -0.195744 0.123110 0.085005
2.700000 -0.331323 0.293908 0.091922
3.600000 -0.566580 0.339924 0.098934
4.500000 -1.058913 0.356525 0.105784
5.400000 -1.494798 0.370848 0.112211
6.300000 -1.594680 0.382971 0.117958
7.200000 -1.601336 0.392969 0.122765
8.099999 -1.559422 0.400922 0.126376
9.000000 -1.465219 0.406906 0.128529
9.900000 -1.315004 0.411000 0.128967
10.799999 -1.036123 0.413279 0.126122
11.700000 -0.640276 0.413823 0.119301
12.599999 -0.250263 0.412708 0.109556
13.500000 0.011113 0.410011 0.097936
14.400000 0.060906 0.405811 0.085494
15.299999 0.062901 0.400185 0.073280
16.199999 0.055412 0.393211 0.062345
17.100000 0.042170 0.384964 0.053740
18.000000 0.026905 0.375524 0.048518
18.900000 0.013130 0.364968 0.046734
19.799999 -0.000221 0.353373 0.045457
20.699999 -0.014113 0.340816 0.044393
21.599998 -0.028428 0.327376 0.043532
22.500000 -0.043047 0.313129 0.042863
23.400000 -0.057849 0.298153 0.042375
24.299999 -0.072716 0.282526 0.042057
25.199999 -0.087529 0.266323 0.041901
26.099998 -0.102166 0.249625 0.041894
27.000000 -0.116510 0.232508 0.042027
27.900002 -0.130442 0.215050 0.042288
28.799999 -0.143841 0.197326 0.042669
29.699999 -0.156589 0.179416 0.043157
30.599998 -0.168566 0.161397 0.043742
31.500000 -0.179651 0.143346 0.044414
32.399998 -0.189729 0.125341 0.045164
33.299999 -0.198676 0.107459 0.045977
34.200001 -0.206375 0.089778 0.046848
35.099998 -0.212707 0.072374 0.047762
36.000000 -0.217551 0.055326 0.048712
36.899998 -0.220790 0.038712 0.049685
37.799999 -0.222302 0.022607 0.050671
38.700001 -0.221969 0.007090 0.051660
39.599998 -0.219671 -0.007760 0.052642
40.500000 -0.215289 -0.021869 0.053605
41.399998 -0.208705 -0.035156 0.054540
42.299999 -0.198914 -0.047546 0.055435
43.199997 -0.181392 -0.058960 0.056281
44.099998 -0.157425 -0.069323 0.057067
45.000000 -0.129285 -0.078554 0.057782
"l hand"
""
8 0.000000 0.000000 0.000000 0.000000 0.000000 0.000000
51
0.000000 2.096549 8.529663 -0.328917
0.900000 1.978601 8.560349 -0.334408
1.800000 1.861047 8.584971 -0.347156
2.700000 1.753609 8.607667 -0.369339
3.600000 1.660860 8.632558 -0.395008
4.500000 1.572826 8.663782 -0.418738
5.400000 1.501683 8.705897 -0.441793
6.300000 1.461099 8.757974 -0.465452
7.200000 1.450971 8.815560 -0.490954
8.099999 1.474608 8.874206 -0.519430
9.000000 1.538347 8.929452 -0.551947
9.900000 1.642493 8.974932 -0.589589
10.799999 1.761227 9.005000 -0.633353
11.700000 1.888522 9.024595 -0.689647
12.599999 2.021775 9.033998 -0.770777
13.500000 2.158367 9.031344 -0.866184
14.400000 2.295708 9.014757 -0.961310
15.299999 2.431214 8.982367 -1.039070
16.199999 2.562372 8.932341 -1.087853
17.100000 2.686636 8.862836 -1.096231
18.000000 2.801460 8.783712 -1.052780
18.900000 2.904295 8.717975 -0.951635
19.799999 2.992594 8.683267 -0.820045
20.699999 3.063810 8.697076 -0.665754
21.599998 3.115412 8.758085 -0.491605
22.500000 3.143759 8.850614 -0.300354
23.400000 3.138773 8.963581 -0.073168
24.299999 3.102598 9.085908 0.203639
25.199999 3.040178 9.206534 0.512906
26.099998 2.956457 9.314404 0.837415
27.000000 2.856364 9.398465 1.159920
27.900002 2.744827 9.447672 1.463155
28.799999 2.626773 9.453571 1.729830
29.699999 2.507181 9.427217 1.942533
30.599998 2.391147 9.375269 2.083766
31.500000 2.283869 9.302347 2.136024
32.399998 2.190344 9.213170 2.101563
33.299999 2.115358 9.112556 1.996920
34.200001 2.064400 9.005274 1.836069
35.099998 2.041401 8.896056 1.635402
36.000000 2.031394 8.789596 1.404300
36.899998 2.030795 8.690597 1.152130
37.799999 2.038472 8.603762 0.888245
38.700001 2.053324 8.533817 0.621948
39.599998 2.074216 8.483519 0.362539
40.500000 2.099978 8.447645 0.119424
41.399998 2.129458 8.423303 -0.098020
42.299999 2.161507 8.407983 -0.280429
43.199997 2.194982 8.398558 -0.418085
44.099998 2.228737 8.392291 -0.498743
45.000000 2.261636 8.387105 -0.528972
51
0.000000 0.486622 0.269125 0.288596
0.900000 0.456706 0.390217 0.316815
1.800000 0.413869 0.520404 0.340235
2.700000 0.355826 0.653186 0.357809
3.600000 0.280284 0.782062 0.368490
4.500000 0.188907 0.900533 0.371230
5.400000 0.095280 1.002098 0.341327
6.300000 0.006152 1.080259 0.271246
7.200000 -0.072394 1.128513 0.191493
8.099999 -0.134282 1.140362 0.132597
9.000000 -0.173427 1.112614 0.124763
9.900000 -0.170721 1.053145 0.152917
10.799999 -0.128783 0.972056 0.192452
11.700000 -0.073100 0.879450 0.241125
12.599999 -0.029155 0.785427 0.296697
13.500000 -0.020947 0.700089 0.356924
14.400000 -0.029953 0.633538 0.419567
15.299999 -0.042203 0.593769 0.482386
16.199999 -0.057517 0.569477 0.543139
17.100000 -0.075720 0.554933 0.599584
18.000000 -0.096634 0.547445 0.649481
18.900000 -0.120082 0.544319 0.690588
19.799999 -0.145886 0.542865 0.720667
20.699999 -0.173871 0.540387 0.737474
21.599998 -0.203856 0.534195 0.744210
22.500000 -0.235668 0.521595 0.746088
23.400000 -0.269127 0.499905 0.741790
24.299999 -0.308116 0.470792 0.729978
25.199999 -0.362068 0.437287 0.709314
26.099998 -0.426608 0.399819 0.678458
27.000000 -0.496494 0.358818 0.636072
27.900002 -0.566480 0.314713 0.579285
28.799999 -0.631323 0.267931 0.510687
29.699999 -0.685778 0.218903 0.438963
30.599998 -0.724600 0.168057 0.372832
31.500000 -0.742545 0.115626 0.321012
32.399998 -0.735138 0.049678 0.289820
33.299999 -0.706593 -0.030728 0.276426
34.200001 -0.660750 -0.116724 0.277829
35.099998 -0.600298 -0.199440 0.291140
36.000000 -0.527927 -0.270007 0.313469
36.899998 -0.446327 -0.319554 0.341929
37.799999 -0.358187 -0.339387 0.373629
38.700001 -0.266197 -0.343424 0.405682
39.599998 -0.173048 -0.344662 0.435198
40.500000 -0.081428 -0.342700 0.459288
41.399998 0.006992 -0.337130 0.475063
42.299999 0.091676 -0.327552 0.479636
43.199997 0.171638 -0.313559 0.469019
44.099998 0.245891 -0.294750 0.439423
45.000000 0.313448 -0.270721 0.395702
"l leg"
""
8 0.000000 0.000000 0.000000 0.000000 0.000000 0.000000
51
0.000000 0.685124 4.960597 -0.943805
0.900000 0.579577 5.013451 -0.933473
1.800000 0.440249 5.074849 -0.979107
2.700000 0.269484 5.143661 -1.070264
3.600000 -0.077990 5.370336 -1.570478
4.500000 -0.513465 5.742522 -2.171998
5.400000 -0.856240 6.027819 -2.521941
6.300000 -1.061387 6.073203 -2.573420
7.200000 -1.203725 6.101663 -2.633491
8.099999 -1.374433 6.505288 -3.142683
9.000000 -1.563619 7.431494 -3.886017
9.900000 -1.759870 8.747965 -4.349597
10.799999 -1.852872 9.640605 -4.419085
11.700000 -1.827027 9.879857 -4.494369
12.599999 -1.734449 9.532815 -4.695004
13.500000 -1.489129 8.469571 -4.864163
14.400000 -1.177424 7.157316 -4.620580
15.299999 -0.755683 6.021116 -3.985836
16.199999 -0.296231 5.304972 -3.280748
17.100000 -0.364158 5.215067 -3.374835
18.000000 -0.500532 5.184241 -3.522363
18.900000 -0.600206 5.154100 -3.586258
19.799999 -0.653756 5.133723 -3.593268
20.699999 -0.650397 5.132894 -3.551225
21.599998 -0.619072 5.164468 -3.484154
22.500000 -0.574500 5.222954 -3.406072
23.400000 -0.520146 5.302128 -3.319476
24.299999 -0.459548 5.395875 -3.226912
25.199999 -0.396521 5.498271 -3.132156
26.099998 -0.334725 5.603805 -3.039714
27.000000 -0.277823 5.707360 -2.954628
27.900002 -0.227831 5.804353 -2.880543
28.799999 -0.184294 5.890581 -2.818653
29.699999 -0.136175 5.962684 -2.753425
30.599998 -0.080842 6.015831 -2.679964
31.500000 -0.018141 6.044703 -2.596426
32.399998 0.048323 6.047666 -2.504020
33.299999 0.099335 6.041578 -2.421521
34.200001 0.142558 6.027247 -2.347732
35.099998 0.188606 5.999342 -2.275313
36.000000 0.244412 5.952343 -2.202388
36.899998 0.314045 5.883398 -2.118883
37.799999 0.396792 5.794044 -2.018023
38.700001 0.488082 5.689734 -1.897667
39.599998 0.579807 5.578349 -1.760707
40.500000 0.665597 5.468754 -1.615034
41.399998 0.742047 5.368967 -1.472747
42.299999 0.807910 5.282884 -1.354012
43.199997 0.860258 5.207001 -1.263064
44.099998 0.901378 5.136828 -1.194192
45.000000 0.933797 5.072099 -1.147691
51
0.000000 -0.359474 0.164819 0.069566
0.900000 -0.370967 0.225663 0.070104
1.800000 -0.406761 0.280587 0.063259
2.700000 -0.468972 0.327968 0.048891
3.600000 -0.689509 0.366766 0.027963
4.500000 -1.021386 0.395508 0.000891
5.400000 -1.381361 0.409665 -0.035767
6.300000 -1.730254 0.410962 -0.079180
7.200000 -1.922437 0.418970 -0.099296
8.099999 -1.856756 0.453270 -0.051741
9.000000 -1.585683 0.486811 0.079046
9.900000 -1.154051 0.475331 0.251801
10.799999 -0.783414 0.428059 0.365373
11.700000 -0.560292 0.397180 0.399567
12.599999 -0.458560 0.406963 0.380265
13.500000 -0.423386 0.439120 0.298473
14.400000 -0.343437 0.476120 0.223198
15.299999 -0.161487 0.513607 0.181903
16.199999 0.041893 0.551535 0.167549
17.100000 0.013673 0.588328 0.174217
18.000000 -0.033436 0.622454 0.186430
18.900000 -0.057509 0.649968 0.202003
19.799999 -0.064988 0.666503 0.216277
20.699999 -0.057333 0.669414 0.226228
21.599998 -0.042428 0.664471 0.234092
22.500000 -0.025030 0.653175 0.240388
23.400000 -0.006195 0.636238 0.245004
24.299999 0.013074 0.614340 0.247909
25.199999 0.031509 0.588116 0.249055
26.099998 0.047773 0.558162 0.248440
27.000000 0.060540 0.525364 0.246254
27.900002 0.069030 0.490487 0.242749
28.799999 0.073220 0.454187 0.238064
29.699999 0.077650 0.417023 0.231631
30.599998 0.083694 0.379405 0.223226
31.500000 0.091836 0.341625 0.212762
32.399998 0.099712 0.304354 0.200168
33.299999 0.085919 0.270111 0.184781
34.200001 0.050977 0.237393 0.167575
35.099998 0.001233 0.204270 0.149377
36.000000 -0.058726 0.169601 0.130974
36.899998 -0.122585 0.132844 0.113548
37.799999 -0.185092 0.094319 0.098321
38.700001 -0.242156 0.055194 0.086275
39.599998 -0.290741 0.018043 0.077986
40.500000 -0.328723 -0.015619 0.073142
41.399998 -0.354795 -0.045424 0.070845
42.299999 -0.369713 -0.070557 0.069737
43.199997 -0.377870 -0.088348 0.068937
44.099998 -0.383616 -0.099489 0.068060
45.000000 -0.388162 -0.105219 0.066829
"l thigh"
""
8 0.000000 0.000000 0.000000 0.000000 0.000000 0.000000
51
0.000000 0.583766 8.876769 0.084936
0.900000 0.526551 8.945736 0.035967
1.800000 0.467334 9.007735 -0.022565
2.700000 0.410787 9.063410 -0.092452
3.600000 0.356499 9.113401 -0.167418
4.500000 0.289413 9.158332 -0.241671
5.400000 0.215447 9.198248 -0.316587
6.300000 0.141257 9.232409 -0.395693
7.200000 0.075058 9.260673 -0.479327
8.099999 0.025501 9.282945 -0.567383
9.000000 0.001400 9.299073 -0.659845
9.900000 0.005725 9.306941 -0.756771
10.799999 0.015336 9.304201 -0.858288
11.700000 0.027089 9.289519 -0.969892
12.599999 0.041317 9.261568 -1.102991
13.500000 0.058332 9.219028 -1.246078
14.400000 0.078162 9.160552 -1.386333
15.299999 0.098905 9.084290 -1.513544
16.199999 0.118945 8.988369 -1.616892
17.100000 0.137273 8.871090 -1.684669
18.000000 0.155034 8.744269 -1.705140
18.900000 0.172681 8.632421 -1.672115
19.799999 0.189913 8.554109 -1.612509
20.699999 0.206405 8.527678 -1.533737
21.599998 0.221818 8.546772 -1.438272
22.500000 0.235819 8.594486 -1.328622
23.400000 0.248178 8.662988 -1.206885
24.299999 0.258612 8.744449 -1.075114
25.199999 0.266699 8.831036 -0.936317
26.099998 0.272168 8.914958 -0.793600
27.000000 0.274925 8.988455 -0.650143
27.900002 0.275436 9.044189 -0.507406
28.799999 0.274023 9.077449 -0.367072
29.699999 0.270732 9.101770 -0.232753
30.599998 0.265896 9.120611 -0.108080
31.500000 0.260128 9.134241 0.003340
32.399998 0.254309 9.142873 0.097950
33.299999 0.249549 9.146654 0.172275
34.200001 0.247541 9.145568 0.229735
35.099998 0.250352 9.138220 0.274429
36.000000 0.259290 9.123914 0.302577
36.899998 0.274495 9.104082 0.317895
37.799999 0.295325 9.080072 0.324460
38.700001 0.320525 9.052912 0.326275
39.599998 0.348387 9.023285 0.327258
40.500000 0.376975 8.991653 0.331249
41.399998 0.404662 8.958370 0.341146
42.299999 0.432881 8.922801 0.350726
43.199997 0.462534 8.884225 0.356680
44.099998 0.493410 8.842604 0.358609
45.000000 0.525205 8.798567 0.356173
51
0.000000 0.254603 0.164819 0.069566
0.900000 0.242307 0.225663 0.070104
1.800000 0.242323 0.280587 0.063259
2.700000 0.251415 0.327968 0.048891
3.600000 0.371141 0.366766 0.027963
4.500000 0.527946 0.395508 0.000891
5.400000 0.612208 0.409665 -0.035767
6.300000 0.594524 0.410962 -0.079180
7.200000 0.584367 0.418970 -0.099296
8.099999 0.746890 0.453271 -0.051741
9.000000 1.083876 0.486811 0.079046
9.900000 1.503331 0.475331 0.251801
10.799999 1.775444 0.428059 0.365373
11.700000 1.851533 0.397180 0.399567
12.599999 1.763970 0.406963 0.380265
13.500000 1.476346 0.439120 0.298473
14.400000 1.119485 0.476120 0.223198
15.299999 0.772094 0.513607 0.181903
16.199999 0.497067 0.551535 0.167549
17.100000 0.519395 0.588328 0.174217
18.000000 0.579226 0.622453 0.186431
18.900000 0.629994 0.649968 0.202003
19.799999 0.666175 0.666503 0.216277
20.699999 0.682968 0.669414 0.226228
21.599998 0.691347 0.664471 0.234092
22.500000 0.696854 0.653175 0.240388
23.400000 0.700238 0.636238 0.245004
24.299999 0.702374 0.614340 0.247909
25.199999 0.704247 0.588116 0.249055
26.099998 0.707027 0.558162 0.248440
27.000000 0.712128 0.525364 0.246254
27.900002 0.720895 0.490487 0.242749
28.799999 0.733537 0.454187 0.238065
29.699999 0.743243 0.417023 0.231631
30.599998 0.747235 0.379405 0.223226
31.500000 0.743921 0.341625 0.212762
32.399998 0.733074 0.304354 0.200168
33.299999 0.721143 0.270111 0.184781
34.200001 0.708272 0.237394 0.167575
35.099998 0.692846 0.204270 0.149377
36.000000 0.672951 0.169601 0.130974
36.899998 0.646857 0.132844 0.113548
37.799999 0.614314 0.094319 0.098321
38.700001 0.576480 0.055194 0.086275
39.599998 0.535676 0.018043 0.077986
40.500000 0.495108 -0.015619 0.073142
41.399998 0.458530 -0.045424 0.070845
42.299999 0.429198 -0.070557 0.069737
43.199997 0.406726 -0.088348 0.068937
44.099998 0.389120 -0.099488 0.068060
45.000000 0.376238 -0.105219 0.066829
"l upper arm"
""
8 0.000000 0.000000 0.000000 0.000000 0.000000 0.000000
51
0.000000 1.450270 13.016273 -0.836412
0.900000 1.328695 13.120889 -0.848372
1.800000 1.200735 13.217390 -0.869240
2.700000 1.071289 13.304040 -0.905172
3.600000 0.935097 13.379640 -0.960633
4.500000 0.773279 13.447516 -1.021422
5.400000 0.596055 13.508611 -1.077881
6.300000 0.429338 13.560803 -1.117463
7.200000 0.297479 13.603505 -1.129272
8.099999 0.206981 13.635917 -1.122592
9.000000 0.160953 13.656090 -1.112751
9.900000 0.164679 13.660382 -1.104434
10.799999 0.179460 13.650363 -1.102937
11.700000 0.193568 13.626755 -1.119470
12.599999 0.205342 13.588640 -1.171457
13.500000 0.215423 13.535148 -1.250038
14.400000 0.223919 13.465410 -1.346450
15.299999 0.231411 13.378738 -1.449039
16.199999 0.238757 13.274492 -1.543049
17.100000 0.246462 13.151950 -1.613825
18.000000 0.255297 13.021882 -1.646658
18.900000 0.266081 12.908147 -1.632393
19.799999 0.279646 12.829192 -1.595003
20.699999 0.296889 12.803191 -1.538987
21.599998 0.318613 12.823515 -1.464787
22.500000 0.344518 12.872790 -1.379581
23.400000 0.375125 12.942523 -1.289630
24.299999 0.412764 13.023855 -1.197266
25.199999 0.458482 13.108288 -1.104596
26.099998 0.509460 13.188715 -1.013569
27.000000 0.562340 13.258333 -0.926070
27.900002 0.613278 13.310697 -0.844052
28.799999 0.660448 13.341325 -0.769662
29.699999 0.707813 13.362798 -0.696021
30.599998 0.756227 13.378895 -0.617027
31.500000 0.804384 13.390297 -0.535690
32.399998 0.850577 13.397743 -0.455438
33.299999 0.892956 13.401966 -0.380143
34.200001 0.930561 13.403543 -0.307589
35.099998 0.968206 13.400826 -0.241502
36.000000 1.008059 13.392835 -0.189015
36.899998 1.050967 13.379345 -0.153998
37.799999 1.097591 13.360096 -0.140212
38.700001 1.148472 13.334797 -0.142255
39.599998 1.203993 13.303160 -0.152453
40.500000 1.262688 13.265630 -0.170639
41.399998 1.323096 13.222626 -0.196629
42.299999 1.384026 13.174407 -0.230223
43.199997 1.444213 13.120636 -0.271204
44.099998 1.502312 13.061412 -0.319342
45.000000 1.556902 12.997522 -0.374386
51
0.000000 -0.444930 0.242835 0.122632
0.900000 -0.420384 0.272936 0.117759
1.800000 -0.395096 0.316654 0.112635
2.700000 -0.371970 0.376801 0.107442
3.600000 -0.355799 0.464663 0.100886
4.500000 -0.346672 0.577489 0.093436
5.400000 -0.344471 0.689478 0.088598
6.300000 -0.346082 0.778605 0.090910
7.200000 -0.344929 0.830699 0.105246
8.099999 -0.336033 0.834195 0.136044
9.000000 -0.321788 0.790030 0.179026
9.900000 -0.307754 0.708942 0.225389
10.799999 -0.292779 0.603090 0.271294
11.700000 -0.280421 0.484930 0.315090
12.599999 -0.271781 0.367627 0.355960
13.500000 -0.266039 0.262764 0.393913
14.400000 -0.263084 0.177203 0.429163
15.299999 -0.263059 0.115830 0.461725
16.199999 -0.265029 0.067805 0.492550
17.100000 -0.268355 0.029691 0.521623
18.000000 -0.272804 -0.000741 0.548585
18.900000 -0.278512 -0.025422 0.572958
19.799999 -0.286080 -0.046033 0.594234
20.699999 -0.296736 -0.063469 0.611808
21.599998 -0.315966 -0.079725 0.626025
22.500000 -0.346975 -0.097120 0.637175
23.400000 -0.392341 -0.116878 0.644319
24.299999 -0.448625 -0.140231 0.648588
25.199999 -0.509679 -0.166677 0.650721
26.099998 -0.568590 -0.195807 0.651721
27.000000 -0.619289 -0.226995 0.652210
27.900002 -0.656043 -0.259486 0.652279
28.799999 -0.674050 -0.292450 0.651036
29.699999 -0.673777 -0.325418 0.645580
30.599998 -0.663585 -0.356724 0.632398
31.500000 -0.659497 -0.387336 0.610593
32.399998 -0.661124 -0.416117 0.579868
33.299999 -0.652611 -0.442083 0.542407
34.200001 -0.626755 -0.463357 0.499899
35.099998 -0.583476 -0.477425 0.454421
36.000000 -0.528134 -0.480644 0.404878
36.899998 -0.465615 -0.469790 0.353634
37.799999 -0.402641 -0.444156 0.304870
38.700001 -0.346126 -0.408763 0.262303
39.599998 -0.299786 -0.365243 0.226831
40.500000 -0.262832 -0.314827 0.199157
41.399998 -0.236299 -0.258973 0.179430
42.299999 -0.221718 -0.199376 0.167048
43.199997 -0.220673 -0.137745 0.160748
44.099998 -0.235198 -0.075695 0.158699
45.000000 -0.262866 -0.014928 0.158341
