Bones: 16
"torso"
""
8 0.000000 0.000000 0.000000 0.000000 0.000000 0.000000
61
0.000000 -0.000044 9.850876 -0.000018
0.737705 -0.051188 9.876865 0.001654
1.475410 -0.107092 9.945807 0.008194
2.213115 -0.166241 10.044168 0.021888
2.950820 -0.227120 10.158408 0.045023
3.688525 -0.288213 10.274992 0.079887
4.426229 -0.348004 10.380383 0.131391
5.163935 -0.404978 10.461046 0.207372
5.901639 -0.457619 10.503443 0.304233
6.639344 -0.504411 10.504192 0.417577
7.377049 -0.543839 10.497417 0.543005
8.114755 -0.574388 10.487149 0.676120
8.852459 -0.594542 10.473211 0.812522
9.590164 -0.604565 10.455425 0.947814
10.327869 -0.612625 10.433612 1.077598
11.065574 -0.619972 10.407596 1.197476
11.803279 -0.626639 10.377196 1.303156
12.540983 -0.632658 10.342238 1.400485
13.278688 -0.638063 10.295974 1.494693
14.016394 -0.642886 10.233141 1.585456
14.754099 -0.647161 10.158366 1.672448
15.491802 -0.650920 10.076304 1.755346
16.229509 -0.654197 9.991608 1.833825
16.967213 -0.657025 9.908927 1.907561
17.704918 -0.659435 9.832918 1.976229
18.442623 -0.661462 9.765985 2.039473
19.180328 -0.663139 9.701697 2.093440
19.918034 -0.664476 9.643006 2.135766
20.655739 -0.665143 9.594322 2.166628
21.393442 -0.665028 9.560057 2.186203
22.131147 -0.664137 9.544620 2.194669
22.868853 -0.662479 9.546498 2.189389
23.606558 -0.660059 9.561324 2.137022
24.344265 -0.656885 9.590454 2.036317
25.081966 -0.652965 9.635250 1.898109
25.819674 -0.648305 9.697077 1.733235
26.557377 -0.642912 9.777593 1.552531
27.295082 -0.636795 9.883390 1.366835
28.032787 -0.629959 10.002107 1.186982
28.770493 -0.622412 10.114051 1.023809
29.508198 -0.614162 10.200999 0.883048
30.245903 -0.605215 10.270025 0.754452
30.983604 -0.595578 10.327222 0.636862
31.721312 -0.585259 10.373550 0.530073
32.459019 -0.574265 10.409977 0.433877
33.196720 -0.562603 10.437464 0.348068
33.934425 -0.550281 10.456974 0.272439
34.672131 -0.537304 10.469472 0.206783
35.409836 -0.523682 10.475920 0.150893
36.147541 -0.509419 10.477283 0.104564
36.885246 -0.494525 10.465055 0.067587
37.622952 -0.469242 10.426713 0.039756
38.360657 -0.425042 10.367767 0.020865
39.098362 -0.366986 10.294020 0.010693
39.836067 -0.300163 10.211274 0.005484
40.573772 -0.229660 10.125336 0.002160
41.311478 -0.160567 10.042007 0.000324
42.049183 -0.097970 9.967093 -0.000417
42.786884 -0.046959 9.906397 -0.000458
43.524590 -0.012621 9.865724 -0.000194
44.262295 -0.000044 9.850876 -0.000018
61
0.000000 -0.204131 0.073307 -0.110974
0.737705 -0.193593 0.059266 -0.108544
1.475410 -0.184701 0.037906 -0.101662
2.213115 -0.177610 0.008470 -0.090940
2.950820 -0.172473 -0.029799 -0.076989
3.688525 -0.169447 -0.077661 -0.060423
4.426229 -0.168685 -0.135796 -0.041851
5.163935 -0.170344 -0.202300 -0.021887
5.901639 -0.174576 -0.272103 -0.001141
6.639344 -0.181537 -0.339945 0.019774
7.377049 -0.191382 -0.400564 0.040246
8.114755 -0.204266 -0.448701 0.059664
8.852459 -0.220111 -0.479094 0.077416
9.590164 -0.236097 -0.485443 0.092890
10.327869 -0.250783 -0.448339 0.105473
11.065574 -0.263440 -0.373651 0.114555
11.803279 -0.273345 -0.276521 0.118477
12.540983 -0.279770 -0.172089 0.116953
13.278688 -0.282044 -0.075500 0.111285
14.016394 -0.281234 -0.000846 0.102776
14.754099 -0.278329 0.065507 0.092729
15.491802 -0.273769 0.128224 0.082446
16.229509 -0.267990 0.181381 0.073233
16.967213 -0.261431 0.219052 0.066388
17.704918 -0.254528 0.235835 0.063218
18.442623 -0.247721 0.237713 0.064445
19.180328 -0.241444 0.229588 0.069033
19.918034 -0.236138 0.213356 0.076039
20.655739 -0.232238 0.190916 0.084535
21.393442 -0.230511 0.164165 0.093594
22.131147 -0.234886 0.135002 0.102288
22.868853 -0.243469 0.105324 0.109689
23.606558 -0.252502 0.077028 0.114869
24.344265 -0.258228 0.052013 0.116900
25.081966 -0.256887 0.032177 0.114855
25.819674 -0.243666 0.019416 0.109509
26.557377 -0.216216 0.014257 0.102985
27.295082 -0.181858 0.011147 0.095410
28.032787 -0.148514 0.009180 0.086897
28.770493 -0.124102 0.008268 0.077556
29.508198 -0.115973 0.008319 0.067502
30.245903 -0.115200 0.009245 0.056845
30.983604 -0.115906 0.010955 0.045699
31.721312 -0.117937 0.013358 0.034174
32.459019 -0.121135 0.016367 0.022383
33.196720 -0.125347 0.019889 0.010437
33.934425 -0.130415 0.023837 -0.001549
34.672131 -0.136184 0.028119 -0.013466
35.409836 -0.142498 0.032645 -0.025199
36.147541 -0.149203 0.037326 -0.036639
36.885246 -0.156140 0.042071 -0.047671
37.622952 -0.163157 0.046792 -0.058185
38.360657 -0.170096 0.051398 -0.068069
39.098362 -0.176800 0.055798 -0.077209
39.836067 -0.183117 0.059904 -0.085494
40.573772 -0.188889 0.063624 -0.092813
41.311478 -0.193961 0.066870 -0.099052
42.049183 -0.198177 0.069551 -0.104099
42.786884 -0.201380 0.071577 -0.107844
43.524590 -0.203417 0.072859 -0.110172
44.262295 -0.204131 0.073307 -0.110974
"head"
""
8 0.000000 0.000000 0.000000 0.000000 0.000000 0.000000
61
0.000000 0.459292 14.065067 -0.914588
0.737705 0.411297 14.096533 -0.880464
1.475410 0.347440 14.171101 -0.845744
2.213115 0.270832 14.275107 -0.808415
2.950820 0.184829 14.394813 -0.766357
3.688525 0.093114 14.516441 -0.717351
4.426229 -0.000253 14.626239 -0.656411
5.163935 -0.091909 14.710544 -0.575625
5.901639 -0.179482 14.755713 -0.478888
6.639344 -0.260505 14.758182 -0.371371
7.377049 -0.332644 14.751779 -0.258837
8.114755 -0.394061 14.740072 -0.147794
8.852459 -0.444215 14.722274 -0.044982
9.590164 -0.490708 14.698608 0.049125
10.327869 -0.556719 14.667577 0.126183
11.065574 -0.643578 14.628643 0.186634
11.803279 -0.739561 14.583166 0.236979
12.540983 -0.832233 14.533756 0.292497
13.278688 -0.910632 14.477031 0.364638
14.016394 -0.962955 14.409142 0.449381
14.754099 -1.001392 14.332801 0.540714
15.491802 -1.032122 14.251669 0.636384
16.229509 -1.053620 14.169906 0.733409
16.967213 -1.065405 14.091375 0.828016
17.704918 -1.068391 14.019855 0.916514
18.442623 -1.070224 13.956757 0.997876
19.180328 -1.074382 13.895552 1.068366
19.918034 -1.081579 13.839300 1.125435
20.655739 -1.090504 13.792588 1.169016
21.393442 -1.099720 13.759902 1.198347
22.131147 -1.108621 13.743694 1.203565
22.868853 -1.113615 13.743565 1.187142
23.606558 -1.111494 13.757474 1.126274
24.344265 -1.100433 13.789291 1.030122
25.081966 -1.079508 13.842916 0.919783
25.819674 -1.052644 13.921944 0.819592
26.557377 -1.025599 14.026951 0.746641
27.295082 -0.994158 14.157657 0.688409
28.032787 -0.957548 14.296436 0.630094
28.770493 -0.915836 14.421439 0.556416
29.508198 -0.869467 14.514354 0.448646
30.245903 -0.818919 14.586092 0.323588
30.983604 -0.763145 14.644826 0.201144
31.721312 -0.702873 14.691522 0.082741
32.459019 -0.641855 14.727033 -0.031179
33.196720 -0.580250 14.752318 -0.140059
33.934425 -0.515899 14.768303 -0.243063
34.672131 -0.449622 14.775911 -0.339557
35.409836 -0.382410 14.776115 -0.428941
36.147541 -0.315356 14.769958 -0.510674
36.885246 -0.249658 14.749096 -0.584267
37.622952 -0.176839 14.701260 -0.649276
38.360657 -0.089798 14.632316 -0.705299
39.098362 0.004442 14.548554 -0.752028
39.836067 0.100366 14.456226 -0.792227
40.573772 0.193138 14.361534 -0.827816
41.311478 0.278240 14.270617 -0.858050
42.049183 0.351428 14.189549 -0.882282
42.786884 0.408651 14.124319 -0.900016
43.524590 0.445943 14.080862 -0.910887
44.262295 0.459292 14.065067 -0.914588
61
0.000000 -0.162087 -0.015951 -0.116248
0.737705 -0.160947 -0.017638 -0.114664
1.475410 -0.157795 -0.022376 -0.110277
2.213115 -0.153038 -0.029678 -0.103638
2.950820 -0.147076 -0.039059 -0.095296
3.688525 -0.140316 -0.050031 -0.085802
4.426229 -0.133160 -0.062108 -0.075708
5.163935 -0.126014 -0.074803 -0.065561
5.901639 -0.119279 -0.087631 -0.055914
6.639344 -0.113361 -0.100106 -0.047314
7.377049 -0.108664 -0.111739 -0.040314
8.114755 -0.105590 -0.122048 -0.035462
8.852459 -0.104545 -0.130542 -0.033311
9.590164 -0.105936 -0.136737 -0.036083
10.327869 -0.110358 -0.140146 -0.044108
11.065574 -0.117702 -0.140266 -0.051617
11.803279 -0.127468 -0.136332 -0.053396
12.540983 -0.139157 -0.128755 -0.052279
13.278688 -0.152270 -0.118380 -0.050008
14.016394 -0.166310 -0.106053 -0.047005
14.754099 -0.180774 -0.092615 -0.043701
15.491802 -0.195167 -0.078914 -0.040519
16.229509 -0.208989 -0.065791 -0.037887
16.967213 -0.222152 -0.054095 -0.036231
17.704918 -0.240439 -0.044668 -0.036100
18.442623 -0.260191 -0.038353 -0.037665
19.180328 -0.273966 -0.035998 -0.040205
19.918034 -0.274853 -0.041638 -0.042970
20.655739 -0.263919 -0.057064 -0.045210
21.393442 -0.244827 -0.077955 -0.046172
22.131147 -0.220591 -0.099968 -0.045105
22.868853 -0.194226 -0.118761 -0.040977
23.606558 -0.168747 -0.129990 -0.033259
24.344265 -0.147166 -0.130746 -0.023317
25.081966 -0.132499 -0.124829 -0.012609
25.819674 -0.127704 -0.114366 -0.002594
26.557377 -0.127894 -0.101093 0.005274
27.295082 -0.128382 -0.086747 0.009537
28.032787 -0.129143 -0.073063 0.009258
28.770493 -0.130152 -0.061777 0.006949
29.508198 -0.131380 -0.054626 0.003335
30.245903 -0.132803 -0.053346 -0.001389
30.983604 -0.134395 -0.059432 -0.007026
31.721312 -0.136129 -0.071961 -0.013381
32.459019 -0.137979 -0.088974 -0.020258
33.196720 -0.139919 -0.108512 -0.027460
33.934425 -0.141924 -0.128614 -0.034792
34.672131 -0.143966 -0.147321 -0.042058
35.409836 -0.146020 -0.162672 -0.049061
36.147541 -0.148060 -0.172709 -0.055605
36.885246 -0.150059 -0.175470 -0.061513
37.622952 -0.151992 -0.169750 -0.067696
38.360657 -0.153832 -0.156900 -0.074555
39.098362 -0.155554 -0.138740 -0.081776
39.836067 -0.157130 -0.117091 -0.089048
40.573772 -0.158536 -0.093776 -0.096058
41.311478 -0.159745 -0.070616 -0.102493
42.049183 -0.160731 -0.049432 -0.108043
42.786884 -0.161466 -0.032045 -0.112393
43.524590 -0.161928 -0.020278 -0.115232
44.262295 -0.162087 -0.015951 -0.116248
"pelvis"
""
8 0.000000 0.000000 0.000000 0.000000 0.000000 0.000000
61
0.000000 -0.000044 9.850876 -0.000018
0.737705 -0.051188 9.876865 0.001654
1.475410 -0.107092 9.945807 0.008194
2.213115 -0.166241 10.044168 0.021888
2.950820 -0.227120 10.158408 0.045023
3.688525 -0.288213 10.274992 0.079887
4.426229 -0.348004 10.380383 0.131391
5.163935 -0.404978 10.461046 0.207372
5.901639 -0.457619 10.503443 0.304233
6.639344 -0.504411 10.504192 0.417577
7.377049 -0.543839 10.497417 0.543005
8.114755 -0.574388 10.487149 0.676120
8.852459 -0.594542 10.473211 0.812522
9.590164 -0.604565 10.455425 0.947814
10.327869 -0.612625 10.433612 1.077598
11.065574 -0.619972 10.407596 1.197476
11.803279 -0.626639 10.377196 1.303156
12.540983 -0.632658 10.342238 1.400485
13.278688 -0.638063 10.295974 1.494693
14.016394 -0.642886 10.233141 1.585456
14.754099 -0.647161 10.158366 1.672448
15.491802 -0.650920 10.076304 1.755346
16.229509 -0.654197 9.991608 1.833825
16.967213 -0.657025 9.908927 1.907561
17.704918 -0.659435 9.832918 1.976229
18.442623 -0.661462 9.765985 2.039473
19.180328 -0.663139 9.701697 2.093440
19.918034 -0.664476 9.643006 2.135766
20.655739 -0.665143 9.594322 2.166628
21.393442 -0.665028 9.560057 2.186203
22.131147 -0.664137 9.544620 2.194669
22.868853 -0.662479 9.546498 2.189389
23.606558 -0.660059 9.561324 2.137022
24.344265 -0.656885 9.590454 2.036317
25.081966 -0.652965 9.635250 1.898109
25.819674 -0.648305 9.697077 1.733235
26.557377 -0.642912 9.777593 1.552531
27.295082 -0.636795 9.883390 1.366835
28.032787 -0.629959 10.002107 1.186982
28.770493 -0.622412 10.114051 1.023809
29.508198 -0.614162 10.200999 0.883048
30.245903 -0.605215 10.270025 0.754452
30.983604 -0.595578 10.327222 0.636862
31.721312 -0.585259 10.373550 0.530073
32.459019 -0.574265 10.409977 0.433877
33.196720 -0.562603 10.437464 0.348068
33.934425 -0.550281 10.456974 0.272439
34.672131 -0.537304 10.469472 0.206783
35.409836 -0.523682 10.475920 0.150893
36.147541 -0.509419 10.477283 0.104564
36.885246 -0.494525 10.465055 0.067587
37.622952 -0.469242 10.426713 0.039756
38.360657 -0.425042 10.367767 0.020865
39.098362 -0.366986 10.294020 0.010693
39.836067 -0.300163 10.211274 0.005484
40.573772 -0.229660 10.125336 0.002160
41.311478 -0.160567 10.042007 0.000324
42.049183 -0.097970 9.967093 -0.000417
42.786884 -0.046959 9.906397 -0.000458
43.524590 -0.012621 9.865724 -0.000194
44.262295 -0.000044 9.850876 -0.000018
61
0.000000 -0.064332 0.128941 -0.083309
0.737705 -0.064302 0.108567 -0.081915
1.475410 -0.064207 0.083652 -0.077967
2.213115 -0.064044 0.055081 -0.071821
2.950820 -0.063805 0.023740 -0.063826
3.688525 -0.063487 -0.009481 -0.054340
4.426229 -0.063084 -0.043699 -0.043716
5.163935 -0.062591 -0.078024 -0.032304
5.901639 -0.062002 -0.111572 -0.020461
6.639344 -0.061313 -0.143457 -0.008539
7.377049 -0.060518 -0.172789 0.003109
8.114755 -0.059611 -0.198683 0.014128
8.852459 -0.058588 -0.220253 0.024166
9.590164 -0.057444 -0.236612 0.032869
10.327869 -0.056173 -0.246873 0.039883
11.065574 -0.054769 -0.250150 0.044832
11.803279 -0.053229 -0.243293 0.046845
12.540983 -0.051546 -0.223390 0.046114
13.278688 -0.049715 -0.193128 0.043308
14.016394 -0.047731 -0.155300 0.039103
14.754099 -0.043330 -0.112693 0.034171
15.491802 -0.034694 -0.068100 0.029185
16.229509 -0.024900 -0.024310 0.024817
16.967213 -0.017080 0.015886 0.021739
17.704918 -0.014367 0.049696 0.020625
18.442623 -0.021480 0.074333 0.022324
19.180328 -0.035880 0.087005 0.026873
19.918034 -0.049895 0.084539 0.033203
20.655739 -0.055846 0.068174 0.040227
21.393442 -0.048492 0.041560 0.046862
22.131147 -0.032146 0.008347 0.052019
22.868853 -0.011499 -0.027813 0.054616
23.606558 0.008869 -0.063270 0.053576
24.344265 0.024381 -0.094375 0.050324
25.081966 0.030459 -0.117478 0.046498
25.819674 0.024451 -0.128927 0.042149
26.557377 0.009759 -0.117680 0.037332
27.295082 -0.009042 -0.080932 0.032097
28.032787 -0.027370 -0.032956 0.026495
28.770493 -0.040646 0.011894 0.020582
29.508198 -0.045238 0.039264 0.014408
30.245903 -0.043548 0.039673 0.008025
30.983604 -0.038212 0.026466 0.001487
31.721312 -0.031601 0.004565 -0.005155
32.459019 -0.026084 -0.022848 -0.011849
33.196720 -0.024034 -0.052588 -0.018543
33.934425 -0.025340 -0.081476 -0.025183
34.672131 -0.027375 -0.106328 -0.031717
35.409836 -0.030000 -0.123961 -0.038095
36.147541 -0.033094 -0.131195 -0.044263
36.885246 -0.036542 -0.125855 -0.050169
37.622952 -0.040223 -0.109681 -0.055760
38.360657 -0.044019 -0.085072 -0.060984
39.098362 -0.047813 -0.054414 -0.065790
39.836067 -0.051485 -0.020096 -0.070124
40.573772 -0.054917 0.015493 -0.073935
41.311478 -0.057991 0.049967 -0.077171
42.049183 -0.060587 0.080936 -0.079778
42.786884 -0.062589 0.106013 -0.081705
43.524590 -0.063877 0.122811 -0.082900
44.262295 -0.064332 0.128941 -0.083309
"r lower arm"
""
8 0.000000 0.000000 0.000000 0.000000 0.000000 0.000000
61
0.000000 -2.463763 10.113982 -0.479341
0.737705 -2.471587 10.122749 -0.561976
1.475410 -2.461240 10.157393 -0.654396
2.213115 -2.436970 10.210910 -0.753751
2.950820 -2.404269 10.275972 -0.855849
3.688525 -2.370162 10.343914 -0.953882
4.426229 -2.342369 10.403905 -1.035591
5.163935 -2.327960 10.443214 -1.084000
5.901639 -2.325624 10.448698 -1.106055
6.639344 -2.338197 10.420050 -1.118360
7.377049 -2.377135 10.391965 -1.107771
8.114755 -2.460826 10.355613 -0.948795
8.852459 -2.564759 10.320328 -0.647991
9.590164 -2.661397 10.301695 -0.246800
10.327869 -2.753629 10.308599 0.266393
11.065574 -2.808794 10.358182 0.867491
11.803279 -2.795806 10.440617 1.451027
12.540983 -2.724831 10.531667 1.961505
13.278688 -2.616068 10.598349 2.376017
14.016394 -2.490124 10.614077 2.675902
14.754099 -2.367151 10.593571 2.915148
15.491802 -2.239414 10.566341 3.136841
16.229509 -2.132613 10.516285 3.316808
16.967213 -2.056445 10.449727 3.454952
17.704918 -1.996806 10.370276 3.542090
18.442623 -1.956922 10.285402 3.593722
19.180328 -1.939494 10.192652 3.616902
19.918034 -1.947470 10.098404 3.615368
20.655739 -1.983492 10.010169 3.594791
21.393442 -2.047528 9.935769 3.558850
22.131147 -2.132625 9.882686 3.502049
22.868853 -2.230518 9.854170 3.428820
23.606558 -2.333403 9.849453 3.314941
24.344265 -2.438936 9.864673 3.158003
25.081966 -2.543965 9.893432 2.964325
25.819674 -2.647983 9.929815 2.745725
26.557377 -2.751738 9.966268 2.505408
27.295082 -2.857512 10.006147 2.212050
28.032787 -2.941802 10.052256 1.868716
28.770493 -2.970714 10.099854 1.503247
29.508198 -2.920087 10.133406 1.143329
30.245903 -2.849554 10.162409 0.762512
30.983604 -2.772580 10.199821 0.358203
31.721312 -2.678612 10.252707 -0.065922
32.459019 -2.557286 10.326412 -0.490408
33.196720 -2.408226 10.415774 -0.872252
33.934425 -2.249119 10.492290 -1.138895
34.672131 -2.123919 10.513238 -1.212265
35.409836 -2.051849 10.510530 -1.210515
36.147541 -2.039283 10.496839 -1.164963
36.885246 -2.069178 10.471815 -1.093625
37.622952 -2.121283 10.428834 -1.008491
38.360657 -2.178509 10.376741 -0.916900
39.098362 -2.237409 10.322544 -0.823889
39.836067 -2.294319 10.271175 -0.736566
40.573772 -2.345938 10.225690 -0.660316
41.311478 -2.389364 10.187464 -0.596708
42.049183 -2.422868 10.156873 -0.546497
42.786884 -2.446026 10.134011 -0.509947
43.524590 -2.459383 10.119310 -0.487281
44.262295 -2.463763 10.113982 -0.479341
61
0.000000 0.788875 -0.629970 -0.420677
0.737705 0.796796 -0.616456 -0.428343
1.475410 0.809631 -0.596131 -0.423186
2.213115 0.822250 -0.571756 -0.407515
2.950820 0.830645 -0.546165 -0.384511
3.688525 0.832347 -0.521264 -0.357885
4.426229 0.826309 -0.497329 -0.331410
5.163935 0.812184 -0.472773 -0.308447
5.901639 0.780496 -0.445666 -0.291331
6.639344 0.717054 -0.410759 -0.283413
7.377049 0.625351 -0.367135 -0.285684
8.114755 0.527685 -0.327954 -0.289966
8.852459 0.427988 -0.295163 -0.292943
9.590164 0.324952 -0.267694 -0.289759
10.327869 0.243210 -0.240123 -0.271602
11.065574 0.182347 -0.205906 -0.235784
11.803279 0.110757 -0.145752 -0.196864
12.540983 0.019500 -0.066349 -0.169385
13.278688 -0.086494 0.023769 -0.160375
14.016394 -0.200191 0.119012 -0.172829
14.754099 -0.277989 0.207411 -0.193164
15.491802 -0.275663 0.274200 -0.200047
16.229509 -0.242390 0.312196 -0.188192
16.967213 -0.204594 0.326571 -0.164870
17.704918 -0.174271 0.334184 -0.140526
18.442623 -0.149983 0.337755 -0.118129
19.180328 -0.132778 0.339104 -0.101541
19.918034 -0.126127 0.339946 -0.095105
20.655739 -0.133057 0.342141 -0.103011
21.393442 -0.150601 0.346755 -0.127212
22.131147 -0.176819 0.352925 -0.164740
22.868853 -0.203117 0.360497 -0.213530
23.606558 -0.219588 0.369664 -0.271043
24.344265 -0.221534 0.381232 -0.333579
25.081966 -0.206238 0.401405 -0.399394
25.819674 -0.167726 0.434194 -0.462488
26.557377 -0.096215 0.480324 -0.512369
27.295082 -0.000474 0.528204 -0.534217
28.032787 0.107907 0.563544 -0.517179
28.770493 0.225901 0.568513 -0.461238
29.508198 0.348278 0.528284 -0.378211
30.245903 0.447589 0.450414 -0.295182
30.983604 0.509878 0.346428 -0.226661
31.721312 0.532923 0.232358 -0.177061
32.459019 0.521412 0.120901 -0.144710
33.196720 0.488528 0.018583 -0.126052
33.934425 0.459900 -0.072392 -0.117133
34.672131 0.486486 -0.151246 -0.115436
35.409836 0.533542 -0.216717 -0.122214
36.147541 0.586974 -0.270379 -0.139267
36.885246 0.639523 -0.318186 -0.163175
37.622952 0.686585 -0.362476 -0.192103
38.360657 0.725866 -0.404621 -0.224644
39.098362 0.756366 -0.445463 -0.259291
39.836067 0.777879 -0.484942 -0.294290
40.573772 0.790936 -0.522570 -0.327910
41.311478 0.796683 -0.557001 -0.358348
42.049183 0.796919 -0.586627 -0.384035
42.786884 0.793980 -0.609750 -0.403689
43.524590 0.790479 -0.624689 -0.416239
44.262295 0.788875 -0.629970 -0.420677
"r foot"
""
8 0.000000 0.000000 0.000000 0.000000 0.000000 0.000000
61
0.000000 -1.050433 1.218531 0.389489
0.737705 -1.049126 1.218531 0.393463
1.475410 -1.045509 1.218530 0.404723
2.213115 -1.040044 1.218531 0.422278
2.950820 -1.033189 1.218531 0.445138
3.688525 -1.025405 1.218532 0.472310
4.426229 -1.017150 1.218531 0.502805
5.163935 -1.008885 1.218531 0.535629
5.901639 -1.001069 1.218530 0.569792
6.639344 -0.994162 1.218531 0.604303
7.377049 -0.988624 1.218530 0.638171
8.114755 -0.984914 1.218530 0.670404
8.852459 -0.982953 1.218532 0.700012
9.590164 -0.981477 1.218530 0.726001
10.327869 -0.980380 1.218531 0.747384
11.065574 -0.979635 1.218531 0.763165
11.803279 -0.979215 1.218530 0.772498
12.540983 -0.979094 1.218530 0.779015
13.278688 -0.979246 1.218531 0.784651
14.016394 -0.979644 1.218530 0.789355
14.754099 -0.980262 1.218530 0.793082
15.491802 -0.981073 1.218530 0.795779
16.229509 -0.982052 1.218530 0.797398
16.967213 -0.983171 1.218530 0.797891
17.704918 -0.984404 1.218531 0.797207
18.442623 -0.985725 1.218531 0.795297
19.180328 -0.987107 1.218530 0.792113
19.918034 -0.988523 1.218531 0.787604
20.655739 -0.989948 1.218530 0.781723
21.393442 -0.991355 1.218529 0.774420
22.131147 -0.992740 1.218531 0.765681
22.868853 -0.994274 1.218531 0.755674
23.606558 -0.995984 1.218531 0.744516
24.344265 -0.997854 1.218531 0.732315
25.081966 -0.999869 1.218531 0.719170
25.819674 -1.002013 1.218530 0.705189
26.557377 -1.004269 1.218531 0.690474
27.295082 -1.006621 1.218531 0.675133
28.032787 -1.009054 1.218531 0.659269
28.770493 -1.011551 1.218530 0.642986
29.508198 -1.014097 1.218530 0.626388
30.245903 -1.016674 1.218531 0.609581
30.983604 -1.019268 1.218531 0.592669
31.721312 -1.021862 1.218530 0.575757
32.459019 -1.024440 1.218531 0.558948
33.196720 -1.026986 1.218530 0.542348
33.934425 -1.029484 1.218531 0.526062
34.672131 -1.031918 1.218530 0.510194
35.409836 -1.034272 1.218531 0.494847
36.147541 -1.036530 1.218531 0.480127
36.885246 -1.038675 1.218530 0.466139
37.622952 -1.040693 1.218530 0.452987
38.360657 -1.042566 1.218531 0.440776
39.098362 -1.044279 1.218531 0.429609
39.836067 -1.045816 1.218531 0.419593
40.573772 -1.047160 1.218531 0.410830
41.311478 -1.048295 1.218531 0.403427
42.049183 -1.049207 1.218531 0.397485
42.786884 -1.049877 1.218531 0.393113
43.524590 -1.050292 1.218530 0.390412
44.262295 -1.050433 1.218531 0.389489
61
0.000000 -0.045946 0.220991 -0.110397
0.737705 -0.045642 0.219098 -0.109561
1.475410 -0.044762 0.213745 -0.107166
2.213115 -0.043356 0.205424 -0.103390
2.950820 -0.041470 0.194622 -0.098405
3.688525 -0.039153 0.181831 -0.092385
4.426229 -0.036455 0.167543 -0.085507
5.163935 -0.033424 0.152244 -0.077944
5.901639 -0.030106 0.136427 -0.069871
6.639344 -0.026553 0.120582 -0.061461
7.377049 -0.022810 0.105198 -0.052889
8.114755 -0.018927 0.090766 -0.044331
8.852459 -0.014953 0.077775 -0.035960
9.590164 -0.010936 0.066716 -0.027952
10.327869 -0.006923 0.058081 -0.020480
11.065574 -0.002964 0.052356 -0.013718
11.803279 0.000893 0.050035 -0.007843
12.540983 0.004600 0.053897 -0.003026
13.278688 0.008107 0.067238 0.000611
14.016394 0.011369 0.085617 0.003769
14.754099 0.014334 0.104302 0.006693
15.491802 0.016956 0.118561 0.009376
16.229509 0.019186 0.126544 0.011806
16.967213 0.020974 0.132166 0.013974
17.704918 0.022274 0.135788 0.015872
18.442623 0.023036 0.137616 0.017487
19.180328 0.023212 0.137858 0.018813
19.918034 0.022754 0.136725 0.019837
20.655739 0.021802 0.134421 0.020552
21.393442 0.020588 0.131159 0.020945
22.131147 0.019132 0.121236 0.021010
22.868853 0.017451 0.103176 0.020735
23.606558 0.015565 0.085542 0.020111
24.344265 0.013490 0.076686 0.019127
25.081966 0.011247 0.073014 0.017775
25.819674 0.008854 0.070047 0.016045
26.557377 0.006329 0.067834 0.013927
27.295082 0.003689 0.066419 0.011390
28.032787 0.000955 0.065849 0.008101
28.770493 -0.001856 0.066169 0.004016
29.508198 -0.004726 0.067428 -0.000778
30.245903 -0.007635 0.069671 -0.006191
30.983604 -0.010565 0.072945 -0.012139
31.721312 -0.013499 0.078241 -0.018531
32.459019 -0.016417 0.091466 -0.025280
33.196720 -0.019301 0.109796 -0.032301
33.934425 -0.022133 0.128543 -0.039503
34.672131 -0.024893 0.143475 -0.046800
35.409836 -0.027566 0.156122 -0.054104
36.147541 -0.030129 0.167477 -0.061328
36.885246 -0.032567 0.177585 -0.068383
37.622952 -0.034859 0.186496 -0.075182
38.360657 -0.036990 0.194261 -0.081638
39.098362 -0.038938 0.200928 -0.087663
39.836067 -0.040687 0.206547 -0.093168
40.573772 -0.042217 0.211165 -0.098068
41.311478 -0.043511 0.214834 -0.102273
42.049183 -0.044548 0.217601 -0.105696
42.786884 -0.045313 0.219518 -0.108249
43.524590 -0.045784 0.220631 -0.109846
44.262295 -0.045946 0.220991 -0.110397
"r hand"
""
8 0.000000 0.000000 0.000000 0.000000 0.000000 0.000000
61
0.000000 -2.333569 8.448824 -1.725155
0.737705 -2.358578 8.471573 -1.827916
1.475410 -2.345932 8.530706 -1.951453
2.213115 -2.308894 8.612560 -2.084403
2.950820 -2.260727 8.703466 -2.215400
3.688525 -2.214693 8.789759 -2.333080
4.426229 -2.184056 8.857766 -2.423450
5.163935 -2.182078 8.893826 -2.469595
5.901639 -2.222023 8.873426 -2.466035
6.639344 -2.330241 8.783499 -2.408087
7.377049 -2.512201 8.672600 -2.277087
8.114755 -2.731674 8.559530 -1.969818
8.852459 -2.951994 8.458885 -1.500540
9.590164 -3.138271 8.385251 -0.911325
10.327869 -3.263520 8.353209 -0.241759
11.065574 -3.296124 8.369742 0.479704
11.803279 -3.253496 8.422114 1.210345
12.540983 -3.160008 8.494460 1.914961
13.278688 -3.030316 8.564354 2.557732
14.016394 -2.879077 8.610851 3.097282
14.754099 -2.720949 8.622898 3.492240
15.491802 -2.570589 8.589466 3.706089
16.229509 -2.442654 8.518010 3.819333
16.967213 -2.339825 8.430426 3.883760
17.704918 -2.249515 8.335302 3.911924
18.442623 -2.180066 8.238972 3.916349
19.180328 -2.140475 8.138935 3.906061
19.918034 -2.139714 8.042070 3.891576
20.655739 -2.186418 7.956717 3.884467
21.393442 -2.285917 7.891218 3.882483
22.131147 -2.425766 7.853909 3.876068
22.868853 -2.598767 7.847583 3.852804
23.606558 -2.799047 7.869997 3.769569
24.344265 -3.020733 7.916822 3.615330
25.081966 -3.257952 7.982984 3.391139
25.819674 -3.504830 8.063419 3.098054
26.557377 -3.755497 8.153349 2.723471
27.295082 -3.982885 8.253079 2.257312
28.032787 -4.134274 8.349472 1.726265
28.770493 -4.165301 8.427920 1.157762
29.508198 -4.046496 8.475403 0.574133
30.245903 -3.847002 8.504199 -0.010273
30.983604 -3.598157 8.525599 -0.567627
31.721312 -3.318913 8.545774 -1.074958
32.459019 -3.028226 8.570890 -1.509288
33.196720 -2.745044 8.605549 -1.847645
33.934425 -2.488322 8.642140 -2.067058
34.672131 -2.277012 8.678460 -2.187925
35.409836 -2.130067 8.714294 -2.263692
36.147541 -2.059255 8.749433 -2.299833
36.885246 -2.039817 8.774196 -2.301509
37.622952 -2.050447 8.774893 -2.273884
38.360657 -2.074185 8.755853 -2.222119
39.098362 -2.107658 8.721712 -2.151390
39.836067 -2.147522 8.677098 -2.070405
40.573772 -2.190431 8.626643 -1.987202
41.311478 -2.233040 8.574978 -1.907132
42.049183 -2.272004 8.526731 -1.835542
42.786884 -2.303976 8.486536 -1.777783
43.524590 -2.325613 8.459023 -1.739204
44.262295 -2.333568 8.448824 -1.725156
61
0.000000 1.062350 -0.569543 -0.756866
0.737705 1.054653 -0.570331 -0.754748
1.475410 1.032478 -0.572237 -0.748580
2.213115 0.997201 -0.574573 -0.738649
2.950820 0.950196 -0.576654 -0.725241
3.688525 0.892839 -0.577791 -0.708637
4.426229 0.826503 -0.577299 -0.689125
5.163935 0.752565 -0.574490 -0.666989
5.901639 0.672399 -0.568676 -0.642513
6.639344 0.587378 -0.559172 -0.615982
7.377049 0.498831 -0.545291 -0.587682
8.114755 0.396217 -0.526345 -0.557896
8.852459 0.274832 -0.501648 -0.526910
9.590164 0.140532 -0.470512 -0.495009
10.327869 -0.000831 -0.432251 -0.462476
11.065574 -0.143400 -0.386178 -0.429598
11.803279 -0.281324 -0.331537 -0.396658
12.540983 -0.408745 -0.266797 -0.363941
13.278688 -0.519810 -0.194991 -0.331733
14.016394 -0.608664 -0.120721 -0.300318
14.754099 -0.669454 -0.048583 -0.269981
15.491802 -0.696332 0.016824 -0.241030
16.229509 -0.688837 0.070900 -0.214960
16.967213 -0.658672 0.109050 -0.192782
17.704918 -0.618900 0.129106 -0.174850
18.442623 -0.582584 0.138168 -0.161515
19.180328 -0.562780 0.138708 -0.153130
19.918034 -0.553753 0.132535 -0.150047
20.655739 -0.543690 0.121458 -0.152619
21.393442 -0.534576 0.107286 -0.161197
22.131147 -0.528393 0.091827 -0.176136
22.868853 -0.527126 0.076892 -0.199397
23.606558 -0.532758 0.064287 -0.243324
24.344265 -0.547272 0.055824 -0.307320
25.081966 -0.572652 0.053309 -0.387565
25.819674 -0.603106 0.058553 -0.480234
26.557377 -0.595645 0.087777 -0.581506
27.295082 -0.548744 0.153996 -0.666594
28.032787 -0.468840 0.230981 -0.706729
28.770493 -0.362370 0.291719 -0.692109
29.508198 -0.235768 0.309192 -0.612931
30.245903 -0.102845 0.275984 -0.513968
30.983604 0.025402 0.212056 -0.443755
31.721312 0.146755 0.127810 -0.398145
32.459019 0.258996 0.033624 -0.372992
33.196720 0.359907 -0.060122 -0.364144
33.934425 0.447270 -0.143949 -0.367461
34.672131 0.520519 -0.217709 -0.380163
35.409836 0.589375 -0.282647 -0.401006
36.147541 0.655427 -0.339305 -0.428532
36.885246 0.718206 -0.388217 -0.461292
37.622952 0.777239 -0.429922 -0.497829
38.360657 0.832057 -0.464955 -0.536691
39.098362 0.882188 -0.493855 -0.576424
39.836067 0.927162 -0.517159 -0.615576
40.573772 0.966507 -0.535404 -0.652692
41.311478 0.999756 -0.549127 -0.686318
42.049183 1.026435 -0.558865 -0.715003
42.786884 1.046073 -0.565155 -0.737291
43.524590 1.058202 -0.568536 -0.751730
44.262295 1.062350 -0.569544 -0.756866
"r leg"
""
8 0.000000 0.000000 0.000000 0.000000 0.000000 0.000000
61
0.000000 -1.152971 4.932696 -1.132730
0.737705 -1.183187 4.939639 -1.109226
1.475410 -1.205915 4.964793 -1.031409
2.213115 -1.220903 5.003279 -0.906503
2.950820 -1.228141 5.049874 -0.740398
3.688525 -1.228206 5.098842 -0.539990
4.426229 -1.222837 5.144108 -0.315871
5.163935 -1.216337 5.179037 -0.092103
5.901639 -1.218438 5.196147 0.065802
6.639344 -1.237141 5.194737 0.100885
7.377049 -1.254704 5.191588 0.121741
8.114755 -1.267607 5.188941 0.142566
8.852459 -1.270785 5.187218 0.162079
9.590164 -1.263752 5.186466 0.179652
10.327869 -1.253267 5.186317 0.195210
11.065574 -1.243645 5.186379 0.207133
11.803279 -1.239650 5.186451 0.215305
12.540983 -1.245748 5.186592 0.225774
13.278688 -1.260430 5.185128 0.228120
14.016394 -1.282615 5.180741 0.213346
14.754099 -1.310931 5.174053 0.187121
15.491802 -1.343887 5.165473 0.153359
16.229509 -1.379390 5.156336 0.120273
16.967213 -1.414496 5.148051 0.093965
17.704918 -1.445647 5.142080 0.079080
18.442623 -1.469028 5.139760 0.079007
19.180328 -1.483291 5.138391 0.077139
19.918034 -1.488994 5.136027 0.062730
20.655739 -1.488261 5.131366 0.030662
21.393442 -1.481720 5.123845 -0.019776
22.131147 -1.468675 5.115591 -0.076399
22.868853 -1.450374 5.107484 -0.133543
23.606558 -1.429299 5.094303 -0.211161
24.344265 -1.406742 5.077262 -0.300009
25.081966 -1.385216 5.060559 -0.382200
25.819674 -1.368269 5.049109 -0.441637
26.557377 -1.356589 5.047964 -0.464517
27.295082 -1.345868 5.061906 -0.436652
28.032787 -1.331159 5.085986 -0.371132
28.770493 -1.314764 5.111477 -0.292813
29.508198 -1.301677 5.129494 -0.236369
30.245903 -1.293969 5.140453 -0.205480
30.983604 -1.289035 5.148550 -0.185065
31.721312 -1.285635 5.154945 -0.171073
32.459019 -1.282984 5.160411 -0.160374
33.196720 -1.280484 5.165564 -0.150006
33.934425 -1.277959 5.170348 -0.140343
34.672131 -1.275511 5.174117 -0.135318
35.409836 -1.273224 5.176836 -0.135560
36.147541 -1.271170 5.178544 -0.141105
36.885246 -1.273468 5.174296 -0.181532
37.622952 -1.279961 5.157269 -0.289825
38.360657 -1.281027 5.131166 -0.429343
39.098362 -1.274906 5.099836 -0.572871
39.836067 -1.261577 5.066230 -0.707950
40.573772 -1.242317 5.032639 -0.829004
41.311478 -1.219340 5.001213 -0.932519
42.049183 -1.195507 4.973819 -1.016410
42.786884 -1.174140 4.952153 -1.079068
43.524590 -1.158798 4.937870 -1.118704
44.262295 -1.152971 4.932696 -1.132730
61
0.000000 -0.390978 0.137449 -0.029101
0.737705 -0.385883 0.141185 -0.021380
1.475410 -0.368060 0.144691 -0.013047
2.213115 -0.339400 0.147744 -0.004469
2.950820 -0.301487 0.150169 0.004062
3.688525 -0.256141 0.151842 0.012338
4.426229 -0.206027 0.152708 0.020288
5.163935 -0.157091 0.152780 0.027956
5.901639 -0.125570 0.151949 0.035217
6.639344 -0.125388 0.150080 0.041919
7.377049 -0.128631 0.146890 0.047679
8.114755 -0.131425 0.141559 0.052179
8.852459 -0.133738 0.128120 0.054980
9.590164 -0.135547 0.108405 0.056069
10.327869 -0.136730 0.087229 0.056524
11.065574 -0.137504 0.068999 0.056775
11.803279 -0.137699 0.058069 0.057393
12.540983 -0.136706 0.058271 0.058982
13.278688 -0.137600 0.065868 0.061536
14.016394 -0.142640 0.078132 0.064966
14.754099 -0.150409 0.093571 0.069074
15.491802 -0.159928 0.110709 0.073645
16.229509 -0.169105 0.128060 0.078529
16.967213 -0.176337 0.144257 0.083456
17.704918 -0.180357 0.158067 0.088040
18.442623 -0.180195 0.168301 0.091824
19.180328 -0.180013 0.173221 0.094243
19.918034 -0.182529 0.172328 0.095111
20.655739 -0.189087 0.166876 0.094591
21.393442 -0.199897 0.157988 0.092755
22.131147 -0.211863 0.146730 0.089819
22.868853 -0.223613 0.134108 0.086101
23.606558 -0.240362 0.120854 0.081572
24.344265 -0.259827 0.108164 0.076676
25.081966 -0.277461 0.097498 0.072060
25.819674 -0.289112 0.090300 0.068333
26.557377 -0.291170 0.087549 0.065378
27.295082 -0.279935 0.088652 0.062423
28.032787 -0.258867 0.090859 0.058900
28.770493 -0.234525 0.093763 0.055189
29.508198 -0.215834 0.096696 0.052057
30.245903 -0.203686 0.099507 0.049886
30.983604 -0.194213 0.102543 0.048216
31.721312 -0.186397 0.105846 0.046794
32.459019 -0.179461 0.109526 0.045468
33.196720 -0.172675 0.113556 0.044170
33.934425 -0.166160 0.117871 0.042860
34.672131 -0.160938 0.122426 0.041460
35.409836 -0.157193 0.127141 0.039969
36.147541 -0.154959 0.131925 0.038399
36.885246 -0.161794 0.136727 0.036795
37.622952 -0.186193 0.140737 0.033999
38.360657 -0.218976 0.143182 0.028862
39.098362 -0.253290 0.144325 0.021867
39.836067 -0.285963 0.144394 0.013458
40.573772 -0.315532 0.143620 0.004156
41.311478 -0.341030 0.142280 -0.005376
42.049183 -0.361844 0.140669 -0.014363
42.786884 -0.377490 0.139104 -0.021936
43.524590 -0.387441 0.137919 -0.027160
44.262295 -0.390978 0.137449 -0.029101
"r thigh"
""
8 0.000000 0.000000 0.000000 0.000000 0.000000 0.000000
61
0.000000 -0.829945 8.645973 0.420454
0.737705 -0.887800 8.671486 0.407195
1.475410 -0.948797 8.737874 0.395173
2.213115 -1.011244 8.831802 0.387218
2.950820 -1.073471 8.939958 0.386188
3.688525 -1.133862 9.049057 0.394985
4.426229 -1.190877 9.145853 0.419184
5.163935 -1.243073 9.217122 0.467324
5.901639 -1.289112 9.249660 0.536547
6.639344 -1.327771 9.240423 0.623222
7.377049 -1.357931 9.223872 0.723736
8.114755 -1.378570 9.204364 0.834479
8.852459 -1.388738 9.182023 0.951842
9.590164 -1.389309 9.156954 1.072202
10.327869 -1.389064 9.129236 1.191926
11.065574 -1.389854 9.098958 1.307361
11.803279 -1.392618 9.066592 1.416809
12.540983 -1.396675 9.031811 1.528475
13.278688 -1.401036 8.987338 1.645255
14.016394 -1.404665 8.927383 1.764383
14.754099 -1.406341 8.855371 1.880230
15.491802 -1.405708 8.774912 1.987723
16.229509 -1.403361 8.691068 2.088134
16.967213 -1.399453 8.608834 2.183028
17.704918 -1.393720 8.533141 2.274107
18.442623 -1.385334 8.467025 2.365109
19.180328 -1.375416 8.403617 2.446957
19.918034 -1.368019 8.344614 2.505263
20.655739 -1.365049 8.292639 2.531425
21.393442 -1.365996 8.251035 2.521510
22.131147 -1.368969 8.226651 2.483628
22.868853 -1.372773 8.220651 2.423768
23.606558 -1.377618 8.230946 2.317372
24.344265 -1.381931 8.258843 2.172132
25.081966 -1.385044 8.305080 2.007802
25.819674 -1.388415 8.371245 1.841550
26.557377 -1.390481 8.458524 1.688634
27.295082 -1.387826 8.572893 1.556236
28.032787 -1.379229 8.700929 1.437690
28.770493 -1.367214 8.821360 1.326372
29.508198 -1.358152 8.914418 1.212461
30.245903 -1.357348 8.987716 1.082021
30.983604 -1.360518 9.048284 0.947522
31.721312 -1.365345 9.097864 0.815410
32.459019 -1.370259 9.138094 0.690844
33.196720 -1.374259 9.170509 0.579077
33.934425 -1.376800 9.195956 0.482260
34.672131 -1.377272 9.214608 0.399389
35.409836 -1.375291 9.227308 0.332703
36.147541 -1.370486 9.234899 0.284484
36.885246 -1.362445 9.228741 0.256178
37.622952 -1.341365 9.196192 0.246015
38.360657 -1.298616 9.142639 0.251630
39.098362 -1.239193 9.073767 0.270619
39.836067 -1.168306 8.995279 0.297046
40.573772 -1.091447 8.912910 0.325688
41.311478 -1.014428 8.832426 0.354101
42.049183 -0.943369 8.759641 0.379954
42.786884 -0.884622 8.700394 0.401040
43.524590 -0.844666 8.660552 0.415242
44.262295 -0.829945 8.645973 0.420454
61
0.000000 0.391070 0.137449 -0.029101
0.737705 0.381417 0.141185 -0.021380
1.475410 0.357677 0.144691 -0.013046
2.213115 0.322830 0.147744 -0.004469
2.950820 0.279481 0.150169 0.004062
3.688525 0.230383 0.151842 0.012338
4.426229 0.179723 0.152708 0.020288
5.163935 0.135589 0.152780 0.027956
5.901639 0.113391 0.151949 0.035217
6.639344 0.126246 0.150080 0.041919
7.377049 0.146129 0.146890 0.047679
8.114755 0.168589 0.141559 0.052179
8.852459 0.192907 0.128120 0.054980
9.590164 0.218401 0.108405 0.056069
10.327869 0.244353 0.087229 0.056524
11.065574 0.270399 0.068999 0.056775
11.803279 0.296226 0.058069 0.057393
12.540983 0.322461 0.058271 0.058982
13.278688 0.352603 0.065868 0.061536
14.016394 0.388514 0.078132 0.064966
14.754099 0.427497 0.093571 0.069074
15.491802 0.467329 0.110709 0.073645
16.229509 0.506135 0.128060 0.078529
16.967213 0.542493 0.144257 0.083456
17.704918 0.575224 0.158067 0.088040
18.442623 0.603982 0.168301 0.091824
19.180328 0.630523 0.173221 0.094243
19.918034 0.653362 0.172328 0.095111
20.655739 0.671294 0.166876 0.094591
21.393442 0.683234 0.157988 0.092755
22.131147 0.687887 0.146730 0.089819
22.868853 0.685491 0.134108 0.086101
23.606558 0.674741 0.120854 0.081572
24.344265 0.655531 0.108164 0.076676
25.081966 0.628944 0.097498 0.072060
25.819674 0.595788 0.090300 0.068333
26.557377 0.556922 0.087549 0.065378
27.295082 0.510640 0.088652 0.062423
28.032787 0.459053 0.090859 0.058900
28.770493 0.407330 0.093763 0.055189
29.508198 0.361875 0.096696 0.052057
30.245903 0.319560 0.099507 0.049886
30.983604 0.279510 0.102543 0.048216
31.721312 0.242184 0.105846 0.046794
32.459019 0.207958 0.109526 0.045468
33.196720 0.177284 0.113556 0.044170
33.934425 0.150693 0.117871 0.042860
34.672131 0.128836 0.122426 0.041460
35.409836 0.112366 0.127141 0.039969
36.147541 0.101824 0.131925 0.038399
36.885246 0.104907 0.136727 0.036795
37.622952 0.129427 0.140737 0.033999
38.360657 0.165819 0.143182 0.028862
39.098362 0.206838 0.144325 0.021867
39.836067 0.247952 0.144394 0.013458
40.573772 0.286430 0.143620 0.004156
41.311478 0.320686 0.142280 -0.005376
42.049183 0.349461 0.140669 -0.014363
42.786884 0.371606 0.139104 -0.021936
43.524590 0.385933 0.137919 -0.027160
44.262295 0.391070 0.137449 -0.029101
"r upper arm"
""
8 0.000000 0.000000 0.000000 0.000000 0.000000 0.000000
61
0.000000 -1.187626 12.891939 -0.615634
0.737705 -1.234808 12.921322 -0.604753
1.475410 -1.296821 12.986629 -0.604469
2.213115 -1.369306 13.074995 -0.613815
2.950820 -1.447213 13.173520 -0.631641
3.688525 -1.524685 13.269363 -0.656508
4.426229 -1.595013 13.349874 -0.683778
5.163935 -1.652883 13.402741 -0.701782
5.901639 -1.696364 13.415859 -0.706086
6.639344 -1.725621 13.387090 -0.693707
7.377049 -1.743000 13.351325 -0.663073
8.114755 -1.752857 13.312645 -0.614301
8.852459 -1.761494 13.270220 -0.548495
9.590164 -1.783521 13.224193 -0.459805
10.327869 -1.858226 13.171571 -0.332883
11.065574 -1.977970 13.112876 -0.171721
11.803279 -2.113535 13.053979 0.014213
12.540983 -2.238846 13.000758 0.221573
13.278688 -2.335474 12.949512 0.438790
14.016394 -2.392219 12.894109 0.638625
14.754099 -2.428683 12.834033 0.833171
15.491802 -2.452976 12.770430 1.026175
16.229509 -2.465212 12.705048 1.205437
16.967213 -2.468252 12.639354 1.358357
17.704918 -2.466767 12.574856 1.473505
18.442623 -2.468907 12.511781 1.558693
19.180328 -2.475501 12.444995 1.616929
19.918034 -2.485213 12.378752 1.647896
20.655739 -2.495900 12.318790 1.653788
21.393442 -2.505489 12.270620 1.635798
22.131147 -2.512781 12.237101 1.586014
22.868853 -2.514153 12.219948 1.510148
23.606558 -2.506942 12.219555 1.388537
24.344265 -2.490355 12.242110 1.233503
25.081966 -2.464905 12.293694 1.069285
25.819674 -2.435887 12.377688 0.923127
26.557377 -2.409929 12.492185 0.813581
27.295082 -2.382124 12.635908 0.722726
28.032787 -2.351408 12.789899 0.637227
28.770493 -2.317655 12.930722 0.544314
29.508198 -2.281088 13.038475 0.427540
30.245903 -2.242229 13.125441 0.302581
30.983604 -2.201440 13.200342 0.185429
31.721312 -2.159030 13.263992 0.076206
32.459019 -2.115324 13.317210 -0.024962
33.196720 -2.070658 13.360818 -0.117948
33.934425 -2.025374 13.395650 -0.202626
34.672131 -1.979812 13.422558 -0.278867
35.409836 -1.934311 13.442412 -0.346545
36.147541 -1.889201 13.456108 -0.405535
36.885246 -1.844803 13.455090 -0.455715
37.622952 -1.791657 13.426805 -0.496967
38.360657 -1.721521 13.376754 -0.529175
39.098362 -1.639721 13.310748 -0.552244
39.836067 -1.551599 13.234612 -0.569615
40.573772 -1.462479 13.154181 -0.584062
41.311478 -1.377673 13.075296 -0.595673
42.049183 -1.302485 13.003798 -0.604543
42.786884 -1.242214 12.945524 -0.610764
43.524590 -1.202159 12.906301 -0.614431
44.262295 -1.187626 12.891939 -0.615634
61
0.000000 0.015704 -0.624537 -0.418258
0.737705 0.053186 -0.611265 -0.425892
1.475410 0.089403 -0.591145 -0.420694
2.213115 0.123423 -0.566959 -0.405000
2.950820 0.154221 -0.541557 -0.382004
3.688525 0.180083 -0.516844 -0.355431
4.426229 0.198444 -0.493080 -0.329046
5.163935 0.207490 -0.468670 -0.306210
5.901639 0.211527 -0.441772 -0.289310
6.639344 0.217361 -0.407281 -0.281772
7.377049 0.220821 -0.364256 -0.284513
8.114755 0.179409 -0.325410 -0.289157
8.852459 0.097064 -0.292686 -0.292416
9.590164 -0.009608 -0.265150 -0.289505
10.327869 -0.140656 -0.237195 -0.271630
11.065574 -0.292139 -0.202321 -0.236202
11.803279 -0.433089 -0.141727 -0.197771
12.540983 -0.546448 -0.062282 -0.170742
13.278688 -0.628023 0.027524 -0.162031
14.016394 -0.679729 0.122212 -0.174584
14.754099 -0.716119 0.210240 -0.194964
15.491802 -0.748139 0.277219 -0.202062
16.229509 -0.761631 0.315529 -0.190391
16.967213 -0.759656 0.330172 -0.167152
17.704918 -0.748536 0.337952 -0.142807
18.442623 -0.733237 0.341623 -0.120367
19.180328 -0.716584 0.343011 -0.103713
19.918034 -0.701225 0.343819 -0.097201
20.655739 -0.689408 0.345896 -0.105032
21.393442 -0.682569 0.350339 -0.129171
22.131147 -0.681470 0.356305 -0.166652
22.868853 -0.685493 0.363704 -0.215418
23.606558 -0.692661 0.372790 -0.272942
24.344265 -0.696307 0.384362 -0.335502
25.081966 -0.690328 0.404615 -0.401333
25.819674 -0.669336 0.437572 -0.464415
26.557377 -0.627132 0.483995 -0.514219
27.295082 -0.553232 0.532153 -0.535811
28.032787 -0.450739 0.567659 -0.518317
28.770493 -0.334704 0.572730 -0.461804
29.508198 -0.226175 0.532631 -0.378195
30.245903 -0.117387 0.454669 -0.294672
30.983604 -0.007417 0.350283 -0.225861
31.721312 0.102403 0.235531 -0.176201
32.459019 0.210150 0.123173 -0.143993
33.196720 0.306864 0.019902 -0.125603
33.934425 0.370911 -0.071745 -0.116911
34.672131 0.374153 -0.150436 -0.115137
35.409836 0.354966 -0.215444 -0.121701
36.147541 0.323146 -0.268513 -0.138469
36.885246 0.284874 -0.315695 -0.162063
37.622952 0.244209 -0.359385 -0.190684
38.360657 0.203604 -0.400986 -0.222944
39.098362 0.164739 -0.441354 -0.257352
39.836067 0.128812 -0.480434 -0.292162
40.573772 0.096764 -0.517744 -0.325643
41.311478 0.069266 -0.551933 -0.355991
42.049183 0.046869 -0.581386 -0.381632
42.786884 0.030081 -0.604397 -0.401269
43.524590 0.019452 -0.619275 -0.413817
44.262295 0.015704 -0.624537 -0.418258
"neck"
""
8 0.000000 0.000000 0.000000 0.000000 0.000000 0.000000
61
0.000000 0.301683 12.930938 -0.561506
0.737705 0.253442 12.962315 -0.527775
1.475410 0.189059 13.036595 -0.494217
2.213115 0.111990 13.140065 -0.458836
2.950820 0.025950 13.258928 -0.419540
3.688525 -0.065016 13.379372 -0.374094
4.426229 -0.156507 13.487631 -0.317422
5.163935 -0.244846 13.570069 -0.241429
5.901639 -0.327401 13.613112 -0.149736
6.639344 -0.401499 13.613295 -0.047159
7.377049 -0.464657 13.604576 0.060940
8.114755 -0.514932 13.590672 0.168473
8.852459 -0.551695 13.570942 0.269090
9.590164 -0.582405 13.545759 0.362636
10.327869 -0.630661 13.513739 0.440743
11.065574 -0.698941 13.474387 0.503472
11.803279 -0.776654 13.429044 0.556954
12.540983 -0.852504 13.380479 0.616995
13.278688 -0.915686 13.325202 0.694823
14.016394 -0.954304 13.259130 0.785768
14.754099 -0.980595 13.184775 0.883296
15.491802 -1.000935 13.105626 0.984766
16.229509 -1.014131 13.025700 1.086949
16.967213 -1.020136 12.948745 1.185931
17.704918 -1.020364 12.878440 1.277931
18.442623 -1.022843 12.816101 1.361769
19.180328 -1.028934 12.755113 1.433181
19.918034 -1.037775 12.698406 1.489028
20.655739 -1.047842 12.650409 1.528687
21.393442 -1.057604 12.615343 1.550438
22.131147 -1.066286 12.595256 1.542762
22.868853 -1.070052 12.590168 1.508912
23.606558 -1.065634 12.598543 1.427162
24.344265 -1.051401 12.624712 1.307805
25.081966 -1.026892 12.672949 1.173089
25.819674 -0.997028 12.747095 1.048494
26.557377 -0.968830 12.847856 0.952236
27.295082 -0.938198 12.975040 0.872922
28.032787 -0.904392 13.111062 0.796890
28.770493 -0.867478 13.234077 0.710010
29.508198 -0.827816 13.325787 0.594700
30.245903 -0.785814 13.397120 0.468526
30.983604 -0.741813 13.455910 0.348728
31.721312 -0.696184 13.503098 0.235588
32.459019 -0.649311 13.539633 0.129392
33.196720 -0.601582 13.566469 0.030424
33.934425 -0.553385 13.584574 -0.061028
34.672131 -0.505101 13.594936 -0.144677
35.409836 -0.457099 13.598566 -0.220237
36.147541 -0.409731 13.596498 -0.287422
36.885246 -0.363330 13.580318 -0.345947
37.622952 -0.308444 13.537622 -0.395533
38.360657 -0.236824 13.474056 -0.435901
39.098362 -0.153789 13.395576 -0.466790
39.836067 -0.064663 13.308153 -0.491476
40.573772 0.025250 13.217772 -0.512568
41.311478 0.110662 13.130420 -0.529989
42.049183 0.186291 13.052084 -0.543666
42.786884 0.246863 12.988746 -0.553527
43.524590 0.287092 12.946380 -0.559498
44.262295 0.301683 12.930938 -0.561506
61
0.000000 -0.242618 -0.043304 -0.124723
0.737705 -0.242356 -0.048998 -0.123184
1.475410 -0.241615 -0.064720 -0.118817
2.213115 -0.240467 -0.088432 -0.111994
2.950820 -0.238984 -0.118092 -0.103086
3.688525 -0.237234 -0.151662 -0.092469
4.426229 -0.235286 -0.187101 -0.080512
5.163935 -0.233216 -0.222368 -0.067588
5.901639 -0.231088 -0.255425 -0.054071
6.639344 -0.228978 -0.284232 -0.040332
7.377049 -0.226953 -0.306748 -0.026744
8.114755 -0.225083 -0.320934 -0.013681
8.852459 -0.223442 -0.324750 -0.001513
9.590164 -0.222097 -0.316026 0.009386
10.327869 -0.221120 -0.294583 0.018644
11.065574 -0.220581 -0.262763 0.025889
11.803279 -0.220581 -0.222988 0.030748
12.540983 -0.221961 -0.177678 0.032965
13.278688 -0.224804 -0.129254 0.032880
14.016394 -0.228723 -0.080135 0.031014
14.754099 -0.233331 -0.032742 0.027886
15.491802 -0.238244 0.010505 0.024014
16.229509 -0.243072 0.047185 0.019916
16.967213 -0.247432 0.074876 0.016116
17.704918 -0.250935 0.091160 0.013128
18.442623 -0.253197 0.093953 0.011474
19.180328 -0.253830 0.087854 0.011672
19.918034 -0.252449 0.076203 0.014058
20.655739 -0.248665 0.060499 0.018271
21.393442 -0.241738 0.042240 0.023787
22.131147 -0.230302 0.022925 0.030078
22.868853 -0.215096 0.004052 0.036621
23.606558 -0.197068 -0.012880 0.042892
24.344265 -0.177172 -0.026373 0.048362
25.081966 -0.156359 -0.034965 0.052508
25.819674 -0.135578 -0.038524 0.054804
26.557377 -0.115784 -0.038536 0.054824
27.295082 -0.097927 -0.036591 0.052989
28.032787 -0.082958 -0.034277 0.049633
28.770493 -0.071827 -0.033182 0.044995
29.508198 -0.065489 -0.034894 0.039316
30.245903 -0.064579 -0.041001 0.032835
30.983604 -0.066950 -0.063190 0.025794
31.721312 -0.071764 -0.099222 0.018432
32.459019 -0.078728 -0.126999 0.010989
33.196720 -0.087548 -0.146933 0.003288
33.934425 -0.097930 -0.168193 -0.005555
34.672131 -0.109580 -0.189214 -0.015371
35.409836 -0.122203 -0.208432 -0.025923
36.147541 -0.135507 -0.224282 -0.036977
36.885246 -0.149196 -0.235199 -0.048300
37.622952 -0.162976 -0.239620 -0.059657
38.360657 -0.176555 -0.235721 -0.070813
39.098362 -0.189638 -0.220060 -0.081534
39.836067 -0.201929 -0.194793 -0.091587
40.573772 -0.213137 -0.163523 -0.100735
41.311478 -0.222966 -0.129856 -0.108745
42.049183 -0.231123 -0.097396 -0.115383
42.786884 -0.237313 -0.069748 -0.120416
43.524590 -0.241242 -0.050514 -0.123607
44.262295 -0.242618 -0.043304 -0.124723
"l lower arm"
""
8 0.000000 0.000000 0.000000 0.000000 0.000000 0.000000
61
0.000000 2.349422 10.042349 0.769035
0.737705 2.284821 10.067325 0.811373
1.475410 2.180597 10.154094 0.894217
2.213115 2.046784 10.283731 1.008391
2.950820 1.893476 10.436618 1.144303
3.688525 1.730752 10.592660 1.294010
4.426229 1.567833 10.732034 1.455098
5.163935 1.412328 10.837020 1.628594
5.901639 1.270857 10.892329 1.802939
6.639344 1.149658 10.894029 1.966695
7.377049 1.054781 10.876456 2.108477
8.114755 0.998770 10.840281 2.208935
8.852459 1.005795 10.780771 2.240667
9.590164 1.069260 10.702799 2.187017
10.327869 1.172571 10.625100 2.031899
11.065574 1.278517 10.555632 1.798588
11.803279 1.345994 10.491534 1.537101
12.540983 1.363396 10.425298 1.292101
13.278688 1.353300 10.347157 1.066031
14.016394 1.322708 10.252749 0.874049
14.754099 1.273738 10.151443 0.705145
15.491802 1.216939 10.052092 0.562849
16.229509 1.159926 9.957934 0.471773
16.967213 1.110779 9.870059 0.451332
17.704918 1.073963 9.792890 0.482552
18.442623 1.047015 9.730103 0.543736
19.180328 1.029855 9.675026 0.612065
19.918034 1.024384 9.629822 0.679291
20.655739 1.031945 9.597795 0.741954
21.393442 1.050932 9.580935 0.799786
22.131147 1.080314 9.577017 0.859575
22.868853 1.116238 9.587049 0.891121
23.606558 1.158569 9.608640 0.861641
24.344265 1.207576 9.644168 0.784916
25.081966 1.262987 9.694227 0.708477
25.819674 1.320181 9.763345 0.686837
26.557377 1.370600 9.862195 0.648727
27.295082 1.414953 9.985820 0.637353
28.032787 1.450775 10.117211 0.706642
28.770493 1.475394 10.242643 0.829060
29.508198 1.487698 10.350257 0.957418
30.245903 1.484037 10.446500 1.056377
30.983604 1.459037 10.531283 1.128778
31.721312 1.417223 10.603017 1.177599
32.459019 1.365299 10.661856 1.205859
33.196720 1.310367 10.709401 1.218204
33.934425 1.259022 10.748195 1.220412
34.672131 1.218143 10.780575 1.217396
35.409836 1.198338 10.807609 1.211632
36.147541 1.206533 10.827438 1.202109
36.885246 1.239816 10.826818 1.185576
37.622952 1.305807 10.791378 1.161693
38.360657 1.409586 10.725730 1.130165
39.098362 1.541727 10.636127 1.091469
39.836067 1.691768 10.530119 1.043775
40.573772 1.848539 10.416244 0.987389
41.311478 2.001019 10.303606 0.926796
42.049183 2.137985 10.201324 0.867820
42.786884 2.248632 10.118210 0.817211
43.524590 2.322498 10.062588 0.782060
44.262295 2.349422 10.042349 0.769035
61
0.000000 0.566749 0.197196 0.134906
0.737705 0.566471 0.191012 0.131041
1.475410 0.546037 0.174230 0.122354
2.213115 0.509706 0.148965 0.111400
2.950820 0.461587 0.117259 0.100831
3.688525 0.406192 0.081190 0.092863
4.426229 0.348737 0.042484 0.089075
5.163935 0.293926 0.002547 0.090497
5.901639 0.245441 -0.037318 0.097521
6.639344 0.207318 -0.076233 0.109782
7.377049 0.183736 -0.113526 0.126284
8.114755 0.184063 -0.150133 0.148480
8.852459 0.206303 -0.190369 0.182728
9.590164 0.231140 -0.225147 0.218778
10.327869 0.237421 -0.234672 0.248801
11.065574 0.224870 -0.216855 0.270656
11.803279 0.208017 -0.170746 0.280571
12.540983 0.198880 -0.107388 0.281875
13.278688 0.194168 -0.048688 0.282748
14.016394 0.199001 -0.009595 0.280473
14.754099 0.205442 0.004557 0.275828
15.491802 0.212841 0.016567 0.270592
16.229509 0.231219 0.027676 0.264740
16.967213 0.268274 0.037580 0.258016
17.704918 0.312859 0.046371 0.250231
18.442623 0.353473 0.052868 0.243490
19.180328 0.386007 0.055776 0.239004
19.918034 0.408481 0.054513 0.237515
20.655739 0.419261 0.048543 0.239380
21.393442 0.418574 0.039474 0.244115
22.131147 0.410516 0.028741 0.251316
22.868853 0.381450 0.017555 0.259689
23.606558 0.332915 0.007040 0.268484
24.344265 0.273811 -0.002344 0.277193
25.081966 0.223043 -0.010302 0.285398
25.819674 0.200962 -0.017076 0.293349
26.557377 0.163472 -0.021088 0.300783
27.295082 0.129560 -0.021115 0.305914
28.032787 0.123894 -0.016099 0.307849
28.770493 0.131737 -0.005302 0.305407
29.508198 0.131413 0.011772 0.297110
30.245903 0.114775 0.018887 0.283825
30.983604 0.087794 0.001183 0.270177
31.721312 0.056025 -0.034794 0.259394
32.459019 0.024847 -0.081254 0.252701
33.196720 0.000276 -0.129257 0.249047
33.934425 -0.010923 -0.169338 0.245301
34.672131 -0.002493 -0.192767 0.237253
35.409836 0.025794 -0.191909 0.221436
36.147541 0.069367 -0.169684 0.199817
36.885246 0.122789 -0.138438 0.178765
37.622952 0.182333 -0.100345 0.159533
38.360657 0.244595 -0.057822 0.143446
39.098362 0.306674 -0.013019 0.131462
39.836067 0.366136 0.031965 0.124029
40.573772 0.420922 0.074993 0.121051
41.311478 0.469247 0.114285 0.121815
42.049183 0.509505 0.147895 0.125174
42.786884 0.540193 0.174063 0.129590
43.524590 0.559812 0.191071 0.133365
44.262295 0.566749 0.197196 0.134906
"l foot"
""
8 0.000000 0.000000 0.000000 0.000000 0.000000 0.000000
61
0.000000 1.074858 1.164740 0.442761
0.737705 1.071694 1.217307 0.441599
1.475410 1.061585 1.364768 0.439969
2.213115 1.043602 1.591766 0.440668
2.950820 1.016818 1.882940 0.446484
3.688525 0.980304 2.222930 0.460213
4.426229 0.933132 2.596378 0.484642
5.163935 0.874374 2.987925 0.522568
5.901639 0.803103 3.382211 0.576780
6.639344 0.718391 3.763878 0.650070
7.377049 0.614807 4.117564 0.745232
8.114755 0.471319 4.427912 0.865056
8.852459 0.296014 4.679562 1.040198
9.590164 0.101434 4.857156 1.396396
10.327869 -0.099875 4.945333 1.899744
11.065574 -0.295370 4.896723 2.492876
11.803279 -0.472507 4.620355 3.118427
12.540983 -0.618742 4.167133 3.719032
13.278688 -0.721531 3.598909 4.237325
14.016394 -0.775372 2.977536 4.615942
14.754099 -0.814595 2.364865 4.797950
15.491802 -0.846346 1.822749 4.870166
16.229509 -0.871412 1.413038 4.930514
16.967213 -0.890583 1.197585 4.979627
17.704918 -0.904645 1.179484 5.018143
18.442623 -0.914386 1.179483 5.046697
19.180328 -0.920595 1.179483 5.065924
19.918034 -0.924060 1.179483 5.076465
20.655739 -0.925567 1.179482 5.078952
21.393442 -0.925905 1.179484 5.074023
22.131147 -0.924790 1.179482 5.062313
22.868853 -0.921258 1.179483 5.044458
23.606558 -0.915342 1.179483 5.021097
24.344265 -0.907080 1.179483 4.992864
25.081966 -0.896508 1.193266 4.960396
25.819674 -0.883662 1.295062 4.924327
26.557377 -0.868578 1.477020 4.884898
27.295082 -0.851294 1.716567 4.800979
28.032787 -0.831846 1.991129 4.651138
28.770493 -0.810270 2.278132 4.444415
29.508198 -0.786602 2.555003 4.189852
30.245903 -0.752481 2.799168 3.896491
30.983604 -0.644381 2.988055 3.573374
31.721312 -0.469049 3.099086 3.229542
32.459019 -0.251026 3.104249 2.874038
33.196720 -0.014852 2.976108 2.515906
33.934425 0.214933 2.746713 2.164185
34.672131 0.413789 2.454529 1.827916
35.409836 0.557174 2.138024 1.516145
36.147541 0.635718 1.835666 1.237911
36.885246 0.703235 1.585918 1.002257
37.622952 0.766799 1.426318 0.816770
38.360657 0.825887 1.327496 0.676238
39.098362 0.879978 1.255722 0.574020
39.836067 0.928550 1.206876 0.504300
40.573772 0.971081 1.176844 0.461264
41.311478 1.007049 1.161506 0.439094
42.049183 1.035933 1.156744 0.431974
42.786884 1.057210 1.158442 0.434091
43.524590 1.070359 1.162478 0.439624
44.262295 1.074858 1.164740 0.442761
61
0.000000 0.000000 -0.105871 0.060000
0.737705 -0.035706 -0.107520 0.060000
1.475410 -0.075461 -0.112814 0.060000
2.213115 -0.118593 -0.122267 0.060000
2.950820 -0.164430 -0.136396 0.060000
3.688525 -0.212298 -0.155718 0.060000
4.426229 -0.261702 -0.180748 0.060000
5.163935 -0.313300 -0.212000 0.060000
5.901639 -0.365788 -0.249995 0.060000
6.639344 -0.417370 -0.295246 0.060000
7.377049 -0.466248 -0.346060 0.060000
8.114755 -0.510626 -0.393888 0.060000
8.852459 -0.548709 -0.437849 0.060000
9.590164 -0.578699 -0.477971 0.060000
10.327869 -0.598798 -0.514286 0.060000
11.065574 -0.607214 -0.546825 0.060000
11.803279 -0.602131 -0.575619 0.060000
12.540983 -0.562607 -0.600698 0.060000
13.278688 -0.481957 -0.622093 0.060000
14.016394 -0.376479 -0.639835 0.060000
14.754099 -0.262469 -0.653953 0.060001
15.491802 -0.156224 -0.664481 0.060000
16.229509 -0.074042 -0.671448 0.060000
16.967213 -0.032218 -0.674883 0.060000
17.704918 -0.029885 -0.674819 0.060000
18.442623 -0.029583 -0.671287 0.060000
19.180328 -0.029129 -0.664317 0.060000
19.918034 -0.028611 -0.653938 0.060000
20.655739 -0.028114 -0.640184 0.060000
21.393442 -0.027726 -0.623085 0.060000
22.131147 -0.027535 -0.602669 0.060000
22.868853 -0.031681 -0.578969 0.059999
23.606558 -0.048455 -0.552016 0.059999
24.344265 -0.077081 -0.521902 0.060000
25.081966 -0.116459 -0.491452 0.060000
25.819674 -0.165493 -0.462174 0.060000
26.557377 -0.223086 -0.434066 0.060000
27.295082 -0.288139 -0.407126 0.060000
28.032787 -0.359556 -0.381354 0.060000
28.770493 -0.475345 -0.356746 0.060000
29.508198 -0.634252 -0.333302 0.060000
30.245903 -0.776290 -0.311018 0.060000
30.983604 -0.841471 -0.289894 0.060000
31.721312 -0.836150 -0.269928 0.060000
32.459019 -0.812175 -0.251117 0.060000
33.196720 -0.768954 -0.233461 0.060000
33.934425 -0.705852 -0.216957 0.060000
34.672131 -0.622237 -0.201603 0.060000
35.409836 -0.517479 -0.187398 0.060000
36.147541 -0.390946 -0.174340 0.060000
36.885246 -0.250808 -0.162426 0.060000
37.622952 -0.124385 -0.151657 0.060000
38.360657 -0.040457 -0.142028 0.060000
39.098362 -0.019540 -0.133538 0.060000
39.836067 -0.013373 -0.126188 0.060000
40.573772 -0.008604 -0.119972 0.060000
41.311478 -0.005069 -0.114891 0.060000
42.049183 -0.002606 -0.110941 0.060000
42.786884 -0.001049 -0.108123 0.060000
43.524590 -0.000235 -0.106433 0.060000
44.262295 0.000000 -0.105871 0.060000
"l hand"
""
8 0.000000 0.000000 0.000000 0.000000 0.000000 0.000000
61
0.000000 2.378110 8.263446 -0.335466
0.737705 2.313542 8.288919 -0.293929
1.475410 2.221315 8.356116 -0.178565
2.213115 2.108751 8.451433 -0.003579
2.950820 1.983167 8.561255 0.216826
3.688525 1.851884 8.671985 0.468435
4.426229 1.722226 8.770012 0.739644
5.163935 1.601529 8.841723 1.021769
5.901639 1.497131 8.873485 1.294700
6.639344 1.416376 8.861811 1.537520
7.377049 1.366607 8.840716 1.729311
8.114755 1.369471 8.814149 1.831293
8.852459 1.467400 8.781727 1.821163
9.590164 1.625414 8.738323 1.721431
10.327869 1.793870 8.682988 1.555001
11.065574 1.930209 8.618010 1.344541
11.803279 1.993115 8.545735 1.112435
12.540983 1.986213 8.468546 0.881663
13.278688 1.954697 8.382222 0.662801
14.016394 1.904013 8.284010 0.460055
14.754099 1.839459 8.181020 0.277786
15.491802 1.766285 8.080395 0.120276
16.229509 1.689759 7.989680 -0.008325
16.967213 1.615143 7.914899 -0.103834
17.704918 1.547723 7.857547 -0.161840
18.442623 1.492825 7.816573 -0.180763
19.180328 1.455761 7.782102 -0.175769
19.918034 1.441855 7.753642 -0.151918
20.655739 1.454608 7.732156 -0.110095
21.393442 1.490115 7.718630 -0.051203
22.131147 1.543864 7.713722 0.023814
22.868853 1.611392 7.707661 0.111399
23.606558 1.688212 7.701768 0.177126
24.344265 1.769835 7.708100 0.218571
25.081966 1.851778 7.738721 0.245268
25.819674 1.929582 7.803950 0.268933
26.557377 1.998810 7.893807 0.308077
27.295082 2.054973 8.010347 0.366938
28.032787 2.093597 8.141083 0.447922
28.770493 2.110178 8.266134 0.553918
29.508198 2.101602 8.367091 0.682798
30.245903 2.071490 8.450880 0.816288
30.983604 2.024884 8.523476 0.945026
31.721312 1.966767 8.585703 1.060616
32.459019 1.902109 8.638380 1.154659
33.196720 1.835878 8.682315 1.218745
33.934425 1.773045 8.718307 1.244458
34.672131 1.718578 8.747164 1.224240
35.409836 1.677424 8.769696 1.160328
36.147541 1.654551 8.786732 1.060552
36.885246 1.653618 8.789641 0.932749
37.622952 1.679994 8.765760 0.784736
38.360657 1.738577 8.720451 0.624335
39.098362 1.821142 8.659365 0.459346
39.836067 1.919442 8.588140 0.294028
40.573772 2.025236 8.512415 0.133308
41.311478 2.130281 8.437821 -0.015212
42.049183 2.226336 8.369990 -0.143939
42.786884 2.305156 8.314559 -0.245282
43.524590 2.358497 8.277164 -0.311653
44.262295 2.378110 8.263446 -0.335465
61
0.000000 0.522854 0.005700 0.148669
0.737705 0.500929 0.005244 0.148180
1.475410 0.441676 0.003077 0.146990
2.213115 0.354879 -0.001997 0.145525
2.950820 0.250323 -0.011175 0.144205
3.688525 0.137791 -0.025654 0.143452
4.426229 0.027068 -0.046629 0.143690
5.163935 -0.072061 -0.075298 0.145338
5.901639 -0.149813 -0.121806 0.148818
6.639344 -0.196402 -0.203613 0.154556
7.377049 -0.204446 -0.299901 0.162969
8.114755 -0.197902 -0.387461 0.174483
8.852459 -0.185935 -0.443083 0.189517
9.590164 -0.169144 -0.445102 0.209153
10.327869 -0.148127 -0.407710 0.235458
11.065574 -0.123481 -0.346635 0.267380
11.803279 -0.095807 -0.269213 0.303605
12.540983 -0.065702 -0.182783 0.342818
13.278688 -0.033766 -0.094682 0.383707
14.016394 -0.000596 -0.012250 0.424956
14.754099 0.033208 0.057178 0.465252
15.491802 0.067049 0.106263 0.503280
16.229509 0.100327 0.127666 0.537728
16.967213 0.132599 0.108619 0.567281
17.704918 0.164648 0.060427 0.590624
18.442623 0.195171 0.029515 0.601171
19.180328 0.222271 0.049798 0.597051
19.918034 0.244051 0.099758 0.583887
20.655739 0.258612 0.147227 0.567300
21.393442 0.264056 0.157193 0.552916
22.131147 0.258486 0.131527 0.546355
22.868853 0.240004 0.140275 0.551331
23.606558 0.206712 0.173664 0.564158
24.344265 0.163468 0.214633 0.579401
25.081966 0.117200 0.259974 0.591626
25.819674 0.069123 0.306476 0.595398
26.557377 0.020448 0.350933 0.585351
27.295082 -0.027614 0.390134 0.564870
28.032787 -0.073849 0.420869 0.539245
28.770493 -0.117045 0.439933 0.509586
29.508198 -0.155990 0.444112 0.477005
30.245903 -0.189471 0.430614 0.442608
30.983604 -0.216278 0.401439 0.407507
31.721312 -0.235194 0.360351 0.372812
32.459019 -0.245012 0.311123 0.339634
33.196720 -0.243408 0.257521 0.309080
33.934425 -0.224958 0.203313 0.282263
34.672131 -0.191191 0.152268 0.260291
35.409836 -0.144569 0.108155 0.242615
36.147541 -0.087547 0.074740 0.226674
36.885246 -0.022586 0.053146 0.212361
37.622952 0.047858 0.036712 0.199633
38.360657 0.121324 0.024342 0.188442
39.098362 0.195355 0.015485 0.178741
39.836067 0.267492 0.009591 0.170484
40.573772 0.335275 0.006113 0.163625
41.311478 0.396247 0.004499 0.158117
42.049183 0.447950 0.004200 0.153914
42.786884 0.487925 0.004667 0.150969
43.524590 0.513712 0.005350 0.149236
44.262295 0.522854 0.005700 0.148669
"l leg"
""
8 0.000000 0.000000 0.000000 0.000000 0.000000 0.000000
61
0.000000 1.038304 4.789382 -1.284467
0.737705 1.007514 4.834112 -1.301182
1.475410 0.980099 4.950802 -1.364582
2.213115 0.955619 5.125611 -1.463769
2.950820 0.933802 5.344800 -1.586081
3.688525 0.914542 5.594597 -1.719289
4.426229 0.897827 5.862095 -1.851279
5.163935 0.883724 6.135978 -1.969892
5.901639 0.872790 6.400915 -2.069965
6.639344 0.865940 6.644624 -2.143174
7.377049 0.863450 6.868684 -2.168906
8.114755 0.866886 7.055060 -2.145643
8.852459 0.883635 7.160899 -2.061472
9.590164 0.909405 7.065944 -1.858004
10.327869 0.909843 6.776009 -1.528343
11.065574 0.856753 6.355904 -1.066069
11.803279 0.744759 5.903662 -0.486301
12.540983 0.598466 5.523636 0.141185
13.278688 0.439300 5.238281 0.760601
14.016394 0.284623 5.032115 1.332985
14.754099 0.135131 4.886759 1.821247
15.491802 -0.015607 4.782099 2.286601
16.229509 -0.163799 4.727860 2.777859
16.967213 -0.258426 4.696859 3.114649
17.704918 -0.238050 4.592825 3.011297
18.442623 -0.218375 4.505875 2.908154
19.180328 -0.203771 4.433194 2.824895
19.918034 -0.194731 4.373818 2.755476
20.655739 -0.193056 4.327715 2.696781
21.393442 -0.199319 4.295062 2.647516
22.131147 -0.211606 4.279077 2.611483
22.868853 -0.227301 4.277923 2.586658
23.606558 -0.246739 4.287957 2.568945
24.344265 -0.267608 4.314170 2.566447
25.081966 -0.284745 4.362335 2.571791
25.819674 -0.288019 4.427845 2.484335
26.557377 -0.279398 4.510718 2.321261
27.295082 -0.260517 4.616057 2.086826
28.032787 -0.232941 4.730294 1.776948
28.770493 -0.196305 4.837592 1.412105
29.508198 -0.150478 4.926292 1.012585
30.245903 -0.096231 5.010656 0.609951
30.983604 -0.011117 5.099285 0.217130
31.721312 0.099940 5.193750 -0.148522
32.459019 0.227518 5.288402 -0.461101
33.196720 0.354717 5.367718 -0.688202
33.934425 0.466959 5.418316 -0.822738
34.672131 0.553284 5.429460 -0.865227
35.409836 0.604750 5.400624 -0.823912
36.147541 0.618277 5.342029 -0.718564
36.885246 0.621778 5.268866 -0.595226
37.622952 0.640522 5.199716 -0.550054
38.360657 0.681078 5.136217 -0.586836
39.098362 0.734452 5.072102 -0.665638
39.836067 0.794950 5.010602 -0.774961
40.573772 0.856666 4.953290 -0.898166
41.311478 0.914550 4.901513 -1.019150
42.049183 0.964625 4.856834 -1.125888
42.786884 1.003736 4.821390 -1.209878
43.524590 1.029181 4.797891 -1.264713
44.262295 1.038304 4.789382 -1.284467
61
0.000000 -0.444888 -0.090782 0.053477
0.737705 -0.449083 -0.087975 0.060252
1.475410 -0.466299 -0.087647 0.066943
2.213115 -0.494586 -0.089733 0.073387
2.950820 -0.531632 -0.094056 0.079377
3.688525 -0.575285 -0.100382 0.084646
4.426229 -0.623367 -0.108505 0.088805
5.163935 -0.673517 -0.118296 0.091271
5.901639 -0.725397 -0.129656 0.091463
6.639344 -0.777566 -0.142731 0.088441
7.377049 -0.823892 -0.158634 0.079449
8.114755 -0.864858 -0.180153 0.058442
8.852459 -0.908084 -0.207554 0.026506
9.590164 -0.985226 -0.239754 -0.005609
10.327869 -1.087818 -0.272356 -0.028329
11.065574 -1.185981 -0.299098 -0.036973
11.803279 -1.233329 -0.314902 -0.033035
12.540983 -1.216683 -0.319537 -0.024345
13.278688 -1.143192 -0.315036 -0.016853
14.016394 -1.027928 -0.304862 -0.013065
14.754099 -0.884906 -0.295659 -0.017019
15.491802 -0.733231 -0.285511 -0.024376
16.229509 -0.588675 -0.272912 -0.031601
16.967213 -0.499552 -0.259609 -0.038968
17.704918 -0.539774 -0.247027 -0.046826
18.442623 -0.577793 -0.234956 -0.055052
19.180328 -0.607605 -0.223383 -0.063438
19.918034 -0.630882 -0.212000 -0.071407
20.655739 -0.648423 -0.199902 -0.078725
21.393442 -0.660676 -0.186983 -0.085118
22.131147 -0.666620 -0.173822 -0.090429
22.868853 -0.667118 -0.160737 -0.094497
23.606558 -0.663738 -0.147940 -0.096672
24.344265 -0.654216 -0.136056 -0.097217
25.081966 -0.641338 -0.126584 -0.096371
25.819674 -0.657020 -0.120991 -0.094722
26.557377 -0.696633 -0.118606 -0.092806
27.295082 -0.746997 -0.118489 -0.091586
28.032787 -0.803494 -0.120103 -0.091228
28.770493 -0.863229 -0.124555 -0.090682
29.508198 -0.922614 -0.132075 -0.089305
30.245903 -0.971266 -0.139990 -0.086333
30.983604 -1.003184 -0.140058 -0.075053
31.721312 -1.012060 -0.133534 -0.054616
32.459019 -0.990370 -0.125489 -0.026393
33.196720 -0.931640 -0.118870 0.005486
33.934425 -0.844632 -0.115691 0.035660
34.672131 -0.739647 -0.116827 0.059474
35.409836 -0.625786 -0.122092 0.073532
36.147541 -0.511879 -0.129115 0.077485
36.885246 -0.411211 -0.131751 0.079613
37.622952 -0.348687 -0.130269 0.080901
38.360657 -0.320924 -0.126717 0.080236
39.098362 -0.314533 -0.121859 0.077878
39.836067 -0.324776 -0.116168 0.074343
40.573772 -0.345828 -0.110128 0.070087
41.311478 -0.372043 -0.104230 0.065515
42.049183 -0.398755 -0.098932 0.061066
42.786884 -0.422089 -0.094662 0.057220
43.524590 -0.438595 -0.091817 0.054505
44.262295 -0.444888 -0.090782 0.053477
"l thigh"
""
8 0.000000 0.000000 0.000000 0.000000 0.000000 0.000000
61
0.000000 0.701447 8.518099 0.221202
0.737705 0.647496 8.545441 0.239290
1.475410 0.590678 8.617602 0.265699
2.213115 0.532003 8.720776 0.301909
2.950820 0.472523 8.841148 0.349403
3.688525 0.413367 8.964898 0.409677
4.426229 0.355750 9.078199 0.486877
5.163935 0.300992 9.167226 0.588106
5.901639 0.250515 9.218154 0.709079
6.639344 0.205841 9.227328 0.844758
7.377049 0.168572 9.228620 0.990156
8.114755 0.140379 9.225826 1.140334
8.852459 0.122971 9.218564 1.290389
9.590164 0.116287 9.206460 1.435440
10.327869 0.112345 9.189149 1.570602
11.065574 0.109992 9.166245 1.690958
11.803279 0.109682 9.137021 1.790105
12.540983 0.112799 9.101468 1.871765
13.278688 0.118315 9.053181 1.942667
14.016394 0.125101 8.987234 2.004067
14.754099 0.132516 8.907978 2.054488
15.491802 0.139627 8.820026 2.093168
16.229509 0.145289 8.729508 2.125801
16.967213 0.149570 8.642514 2.158413
17.704918 0.153623 8.565062 2.197129
18.442623 0.159587 8.501521 2.250029
19.180328 0.167751 8.445098 2.312306
19.918034 0.175181 8.395872 2.374420
20.655739 0.179686 8.354814 2.425866
21.393442 0.180551 8.323563 2.457128
22.131147 0.178466 8.307222 2.470693
22.868853 0.173903 8.305209 2.466860
23.606558 0.166648 8.313762 2.415349
24.344265 0.158806 8.336446 2.318157
25.081966 0.152197 8.376612 2.189425
25.819674 0.146945 8.435999 2.040779
26.557377 0.147314 8.515960 1.870568
27.295082 0.155891 8.622458 1.681512
28.032787 0.168971 8.741960 1.488749
28.770493 0.181933 8.853250 1.307940
29.508198 0.190078 8.936728 1.151633
30.245903 0.190968 9.000143 1.020560
30.983604 0.188523 9.050588 0.906515
31.721312 0.184204 9.089877 0.808336
32.459019 0.178813 9.119739 0.726245
33.196720 0.172918 9.141818 0.660530
33.934425 0.167155 9.157068 0.608374
34.672131 0.162787 9.165746 0.563843
35.409836 0.161288 9.168744 0.524300
36.147541 0.164278 9.166922 0.487198
36.885246 0.172950 9.151649 0.450686
37.622952 0.196515 9.110353 0.415634
38.360657 0.242495 9.048540 0.383296
39.098362 0.304751 8.972046 0.354896
39.836067 0.377159 8.886728 0.328184
40.573772 0.453720 8.798459 0.301681
41.311478 0.528617 8.713113 0.276705
42.049183 0.596231 8.636554 0.254673
42.786884 0.651123 8.574637 0.237070
43.524590 0.687967 8.533207 0.225412
44.262295 0.701447 8.518099 0.221202
61
0.000000 0.375799 -0.090782 0.053477
0.737705 0.384962 -0.087975 0.060252
1.475410 0.408982 -0.087647 0.066943
2.213115 0.445789 -0.089733 0.073387
2.950820 0.493026 -0.094056 0.079377
3.688525 0.548552 -0.100382 0.084646
4.426229 0.611079 -0.108505 0.088805
5.163935 0.680322 -0.118296 0.091271
5.901639 0.754703 -0.129656 0.091463
6.639344 0.831014 -0.142731 0.088441
7.377049 0.900246 -0.158634 0.079449
8.114755 0.958809 -0.180153 0.058442
8.852459 0.996414 -0.207554 0.026506
9.590164 0.978079 -0.239754 -0.005609
10.327869 0.900957 -0.272356 -0.028329
11.065574 0.773371 -0.299098 -0.036971
11.803279 0.612703 -0.314902 -0.033035
12.540983 0.448538 -0.319536 -0.024345
13.278688 0.296207 -0.315036 -0.016853
14.016394 0.161845 -0.304862 -0.013065
14.754099 0.050661 -0.295659 -0.017019
15.491802 -0.056316 -0.285511 -0.024376
16.229509 -0.171569 -0.272912 -0.031601
16.967213 -0.248507 -0.259609 -0.038968
17.704918 -0.211436 -0.247027 -0.046826
18.442623 -0.171371 -0.234956 -0.055052
19.180328 -0.134411 -0.223383 -0.063438
19.918034 -0.101278 -0.212000 -0.071407
20.655739 -0.073688 -0.199902 -0.078725
21.393442 -0.053593 -0.186983 -0.085118
22.131147 -0.041230 -0.173822 -0.090429
22.868853 -0.035958 -0.160737 -0.094497
23.606558 -0.044218 -0.147940 -0.096672
24.344265 -0.067431 -0.136056 -0.097217
25.081966 -0.100321 -0.126584 -0.096371
25.819674 -0.115538 -0.120991 -0.094722
26.557377 -0.117698 -0.118606 -0.092806
27.295082 -0.107068 -0.118489 -0.091586
28.032787 -0.078890 -0.120102 -0.091228
28.770493 -0.034369 -0.124555 -0.090682
29.508198 0.024745 -0.132075 -0.089305
30.245903 0.091320 -0.139990 -0.086333
30.983604 0.160433 -0.140058 -0.075053
31.721312 0.227725 -0.133534 -0.054616
32.459019 0.286965 -0.125489 -0.026393
33.196720 0.329719 -0.118870 0.005486
33.934425 0.352635 -0.115691 0.035660
34.672131 0.353589 -0.116827 0.059474
35.409836 0.333808 -0.122092 0.073532
36.147541 0.297919 -0.129115 0.077485
36.885246 0.257430 -0.131751 0.079613
37.622952 0.237165 -0.130269 0.080901
38.360657 0.238302 -0.126717 0.080236
39.098362 0.251052 -0.121859 0.077878
39.836067 0.272028 -0.116168 0.074343
40.573772 0.296712 -0.110128 0.070087
41.311478 0.321364 -0.104230 0.065515
42.049183 0.343245 -0.098932 0.061066
42.786884 0.360484 -0.094662 0.057220
43.524590 0.371739 -0.091817 0.054505
44.262295 0.375799 -0.090782 0.053477
"l upper arm"
""
8 0.000000 0.000000 0.000000 0.000000 0.000000 0.000000
61
0.000000 1.722182 12.567671 -0.830634
0.737705 1.678494 12.603830 -0.778623
1.475410 1.621625 12.688885 -0.715708
2.213115 1.554159 12.808381 -0.638665
2.950820 1.478492 12.947808 -0.544155
3.688525 1.396826 13.092607 -0.428731
4.426229 1.311113 13.228165 -0.286327
5.163935 1.222259 13.339794 -0.111911
5.901639 1.131320 13.412622 0.082931
6.639344 1.041532 13.441805 0.285185
7.377049 0.958118 13.460085 0.481696
8.114755 0.887528 13.470360 0.659221
8.852459 0.835874 13.471689 0.804817
9.590164 0.801812 13.465024 0.910019
10.327869 0.772627 13.450076 0.939673
11.065574 0.737254 13.425272 0.899875
11.803279 0.690844 13.387782 0.815697
12.540983 0.633735 13.338239 0.724292
13.278688 0.573759 13.274592 0.660228
14.016394 0.527992 13.195279 0.641107
14.754099 0.488138 13.105267 0.640995
15.491802 0.448736 13.010191 0.650768
16.229509 0.414592 12.916302 0.675856
16.967213 0.390985 12.829434 0.720400
17.704918 0.381970 12.755169 0.787544
18.442623 0.378315 12.695505 0.867373
19.180328 0.376358 12.642161 0.948818
19.918034 0.375633 12.596690 1.026273
20.655739 0.376169 12.562145 1.096701
21.393442 0.378066 12.541282 1.156007
22.131147 0.381004 12.534123 1.190881
22.868853 0.387736 12.539521 1.201512
23.606558 0.400766 12.555022 1.162622
24.344265 0.421369 12.584034 1.080870
25.081966 0.449947 12.629942 0.974835
25.819674 0.481682 12.698455 0.866126
26.557377 0.509925 12.793934 0.771723
27.295082 0.540047 12.915540 0.689999
28.032787 0.573096 13.044647 0.610274
28.770493 0.609125 13.158147 0.520041
29.508198 0.647829 13.236461 0.403118
30.245903 0.688608 13.292203 0.275442
30.983604 0.731023 13.334422 0.153269
31.721312 0.774698 13.364264 0.036986
32.459019 0.819251 13.382882 -0.073018
33.196720 0.864305 13.391429 -0.176349
33.934425 0.909493 13.391080 -0.272616
34.672131 0.954467 13.383020 -0.361425
35.409836 0.998898 13.368459 -0.442385
36.147541 1.042488 13.348624 -0.515107
36.885246 1.084970 13.315294 -0.579206
37.622952 1.135868 13.256250 -0.634299
38.360657 1.203514 13.177320 -0.680007
39.098362 1.282678 13.084641 -0.715972
39.836067 1.368133 12.984360 -0.745371
40.573772 1.454672 12.882630 -0.770715
41.311478 1.537109 12.785612 -0.791832
42.049183 1.610265 12.699460 -0.808550
42.786884 1.668960 12.630326 -0.820703
43.524590 1.708004 12.584353 -0.828122
44.262295 1.722182 12.567671 -0.830634
61
0.000000 -0.499862 0.204997 0.134653
0.737705 -0.495389 0.198783 0.130806
1.475410 -0.501564 0.181902 0.122018
2.213115 -0.513993 0.156468 0.110887
2.950820 -0.528141 0.124515 0.100105
3.688525 -0.539997 0.088124 0.091933
4.426229 -0.546523 0.049039 0.087980
5.163935 -0.546309 0.008693 0.089295
5.901639 -0.539426 -0.031579 0.096271
6.639344 -0.526469 -0.070866 0.108536
7.377049 -0.508035 -0.108457 0.125086
8.114755 -0.481780 -0.145232 0.147384
8.852459 -0.442834 -0.185556 0.181799
9.590164 -0.387534 -0.220522 0.218072
10.327869 -0.321080 -0.230465 0.248313
11.065574 -0.250590 -0.213250 0.270340
11.803279 -0.186061 -0.167743 0.280376
12.540983 -0.131287 -0.104865 0.281763
13.278688 -0.075858 -0.046620 0.282699
14.016394 -0.018331 -0.007927 0.280477
14.754099 0.037073 0.005851 0.275861
15.491802 0.086918 0.017535 0.270633
16.229509 0.125114 0.028493 0.264790
16.967213 0.146673 0.038512 0.258108
17.704918 0.158753 0.047545 0.250393
18.442623 0.165128 0.054294 0.243730
19.180328 0.169596 0.057408 0.239318
19.918034 0.172996 0.056283 0.237883
20.655739 0.175449 0.050370 0.239774
21.393442 0.175737 0.041295 0.244507
22.131147 0.167311 0.030567 0.251693
22.868853 0.160153 0.019225 0.259999
23.606558 0.156750 0.008379 0.268687
24.344265 0.154790 -0.001432 0.277287
25.081966 0.144840 -0.009698 0.285426
25.819674 0.116196 -0.016421 0.293368
26.557377 0.097653 -0.020577 0.300772
27.295082 0.074605 -0.020688 0.305885
28.032787 0.026031 -0.015345 0.307814
28.770493 -0.043349 -0.003958 0.305340
29.508198 -0.123989 0.013724 0.296954
30.245903 -0.199790 0.021277 0.283533
30.983604 -0.266431 0.003853 0.269729
31.721312 -0.324805 -0.031949 0.258787
32.459019 -0.376095 -0.078290 0.251939
33.196720 -0.421765 -0.126168 0.248135
33.934425 -0.462801 -0.166060 0.244236
34.672131 -0.498890 -0.189187 0.236033
35.409836 -0.528401 -0.187922 0.220082
36.147541 -0.550486 -0.165222 0.198367
36.885246 -0.565612 -0.133471 0.177268
37.622952 -0.574164 -0.094870 0.158048
38.360657 -0.576573 -0.051859 0.142028
39.098362 -0.573403 -0.006609 0.130164
39.836067 -0.565453 0.038767 0.122890
40.573772 -0.553813 0.082120 0.120099
41.311478 -0.539907 0.121669 0.121062
42.049183 -0.525489 0.155469 0.124610
42.786884 -0.512585 0.181765 0.129187
43.524590 -0.503350 0.198848 0.133071
44.262295 -0.499862 0.204997 0.134653
