Bones: 16
"torso"
""
8 0.000000 0.000000 0.000000 0.000000 0.000000 0.000000
55
0.000000 -0.000044 10.066605 0.053216
0.818182 -0.000044 9.695293 0.070687
1.636364 -0.000044 9.645947 0.090043
2.454545 -0.000044 9.965860 0.111069
3.272727 -0.000044 10.522484 0.133550
4.090909 -0.000044 11.189433 0.157273
4.909091 -0.000044 11.840326 0.182022
5.727273 -0.000044 12.348778 0.207582
6.545455 -0.000044 12.596918 0.233741
7.363636 -0.000044 12.645198 0.260282
8.181818 -0.000044 12.538935 0.286991
9.000000 -0.000044 12.278090 0.313654
9.818182 -0.000044 11.862628 0.340056
10.636364 -0.000044 11.291961 0.365983
11.454545 -0.000044 10.648411 0.391220
12.272727 -0.000044 10.090130 0.415552
13.090910 -0.000044 9.776684 0.438766
13.909090 -0.000044 9.697851 0.460645
14.727273 -0.000044 9.661621 0.480977
15.545454 -0.000044 9.656741 0.499546
16.363636 -0.000044 9.673918 0.516138
17.181818 -0.000044 9.703856 0.530537
18.000000 -0.000044 9.737259 0.542531
18.818182 -0.000044 9.764832 0.551904
19.636364 -0.000044 9.777282 0.558441
20.454546 -0.000044 9.765312 0.561928
21.272728 -0.000044 9.719335 0.562084
22.090908 -0.000044 9.578547 0.558334
22.909090 -0.000044 9.347858 0.550830
23.727272 -0.000044 9.093267 0.539865
24.545454 -0.000044 8.880774 0.525733
25.363636 -0.000044 8.776381 0.508727
26.181820 -0.000044 8.852818 0.489141
27.000000 -0.000044 9.190250 0.467270
27.818180 -0.000044 9.723897 0.443405
28.636364 -0.000044 10.363108 0.417842
29.454546 -0.000044 11.017234 0.390874
30.272728 -0.000044 11.595625 0.362794
31.090908 -0.000044 12.007628 0.333897
31.909088 -0.000044 12.167733 0.304475
32.727272 -0.000044 12.117781 0.274823
33.545456 -0.000044 11.921380 0.245235
34.363636 -0.000044 11.616117 0.216003
35.181816 -0.000044 11.239573 0.187423
36.000000 -0.000044 10.829333 0.159787
36.818180 -0.000044 10.422981 0.133389
37.636364 -0.000044 10.058103 0.108522
38.454544 -0.000044 9.781176 0.085482
39.272728 -0.000044 9.605890 0.064560
40.090908 -0.000044 9.517299 0.046052
40.909092 -0.000044 9.500432 0.030250
41.727272 -0.000044 9.540323 0.017448
42.545456 -0.000044 9.622006 0.007941
43.363636 -0.000044 9.730513 0.002021
44.181816 -0.000044 9.850876 -0.000018
55
0.000000 -0.197259 0.037412 -0.074172
0.818182 -0.190978 0.026031 -0.063039
1.636364 -0.181991 0.013624 -0.051183
2.454545 -0.167687 0.000385 -0.038866
3.272727 -0.143693 -0.013493 -0.026353
4.090909 -0.129129 -0.027818 -0.013910
4.909091 -0.145363 -0.042257 -0.001798
5.727273 -0.181173 -0.055343 0.009718
6.545455 -0.202964 -0.065149 0.020373
7.363636 -0.214292 -0.069756 0.029903
8.181818 -0.216174 -0.067243 0.038045
9.000000 -0.206085 -0.055749 0.044534
9.818182 -0.197703 -0.042011 0.049105
10.636364 -0.196752 -0.045384 0.051497
11.454545 -0.206713 -0.082006 0.051890
12.272727 -0.213898 -0.127566 0.050902
13.090910 -0.204931 -0.144496 0.048832
13.909090 -0.183762 -0.129215 0.045976
14.727273 -0.154342 -0.093941 0.042631
15.545454 -0.120621 -0.050151 0.039093
16.363636 -0.087013 -0.009328 0.035662
17.181818 -0.058061 0.018071 0.032633
18.000000 -0.034203 0.039862 0.030304
18.818182 -0.015465 0.060298 0.029134
19.636364 -0.001875 0.078937 0.031088
20.454546 0.006540 0.095337 0.035151
21.272728 0.009235 0.109055 0.039374
22.090908 0.003961 0.119648 0.041809
22.909090 -0.008192 0.126673 0.040509
23.727272 -0.025643 0.129688 0.033525
24.545454 -0.046807 0.121365 0.026357
25.363636 -0.070117 0.068281 0.024366
26.181820 -0.095321 -0.000037 0.025394
27.000000 -0.121702 -0.042545 0.027281
27.818180 -0.147666 -0.038068 0.027868
28.636364 -0.171613 -0.004887 0.024997
29.454546 -0.191951 0.028362 0.021419
30.272728 -0.207084 0.056065 0.020486
31.090908 -0.215415 0.076245 0.020928
31.909088 -0.214954 0.090167 0.021483
32.727272 -0.203574 0.101215 0.020883
33.545456 -0.183966 0.112788 0.017865
34.363636 -0.159422 0.128648 0.011400
35.181816 -0.133234 0.152042 0.002320
36.000000 -0.108690 0.176345 -0.008694
36.818180 -0.089083 0.193274 -0.021121
37.636364 -0.077703 0.195565 -0.034444
38.454544 -0.077756 0.187131 -0.048143
39.272728 -0.089438 0.171789 -0.061699
40.090908 -0.109313 0.152014 -0.074593
40.909092 -0.133737 0.130281 -0.086306
41.727272 -0.159073 0.109069 -0.096319
42.545456 -0.181678 0.090852 -0.104115
43.363636 -0.197911 0.078105 -0.109173
44.181816 -0.204131 0.073307 -0.110974
"head"
""
8 0.000000 0.000000 0.000000 0.000000 0.000000 0.000000
55
0.000000 0.269507 14.301667 -0.840218
0.818182 0.213926 13.936337 -0.804134
1.636364 0.156737 13.893232 -0.758150
2.454545 0.099723 14.220562 -0.694404
3.272727 0.043982 14.786837 -0.599462
4.090909 -0.008353 15.457050 -0.535968
4.909091 -0.049099 16.093302 -0.587978
5.727273 -0.075238 16.571684 -0.713311
6.545455 -0.095693 16.791677 -0.795794
7.363636 -0.114738 16.819208 -0.836056
8.181818 -0.135775 16.705957 -0.827145
9.000000 -0.159839 16.458206 -0.752873
9.818182 -0.174414 16.064207 -0.661093
10.636364 -0.172174 15.514277 -0.580107
11.454545 -0.147987 14.884111 -0.531406
12.272727 -0.113921 14.335409 -0.484445
13.090910 -0.103668 14.034941 -0.403600
13.909090 -0.121715 13.972608 -0.291237
14.727273 -0.148408 13.953553 -0.157065
15.545454 -0.169244 13.963867 -0.012078
16.363636 -0.175872 13.992476 0.129382
17.181818 -0.168681 14.029671 0.251573
18.000000 -0.156931 14.067038 0.351905
18.818182 -0.147780 14.096192 0.429508
19.636364 -0.152215 14.108683 0.485704
20.454546 -0.169055 14.095980 0.521000
21.272728 -0.189535 14.049238 0.533421
22.090908 -0.204608 13.908455 0.515387
22.909090 -0.204021 13.678704 0.470445
23.727272 -0.184034 13.425243 0.403757
24.545454 -0.162511 13.212499 0.320370
25.363636 -0.148268 13.105655 0.224754
26.181820 -0.125962 13.177456 0.118521
27.000000 -0.101542 13.507514 0.005395
27.818180 -0.090196 14.030798 -0.111283
28.636364 -0.083967 14.657244 -0.229127
29.454546 -0.081247 15.297853 -0.339614
30.272728 -0.087573 15.863963 -0.433972
31.090908 -0.094719 16.267462 -0.504040
31.909088 -0.097122 16.424519 -0.545307
32.727272 -0.091040 16.378088 -0.552271
33.545456 -0.074250 16.189432 -0.532700
34.363636 -0.045235 15.893253 -0.496174
35.181816 -0.007299 15.524607 -0.452483
36.000000 0.039585 15.119534 -0.412076
36.818180 0.093221 14.715053 -0.385318
37.636364 0.148950 14.348989 -0.382171
38.454544 0.200931 14.068353 -0.411926
39.272728 0.247747 13.887002 -0.474930
40.090908 0.292970 13.789515 -0.560554
40.909092 0.337416 13.760675 -0.657110
41.727272 0.379761 13.786231 -0.752630
42.545456 0.417078 13.853226 -0.835156
43.363636 0.445157 13.949905 -0.892961
44.181816 0.459292 14.065067 -0.914588
55
0.000000 0.033211 -0.012901 -0.039003
0.818182 0.026891 -0.011950 -0.018590
1.636364 -0.013638 -0.010920 0.001532
2.454545 -0.080552 -0.009830 0.020449
3.272727 -0.165287 -0.008699 0.037244
4.090909 -0.259278 -0.007545 0.051002
4.909091 -0.353964 -0.006386 0.060805
5.727273 -0.440783 -0.005240 0.065737
6.545455 -0.511169 -0.004126 0.065454
7.363636 -0.556560 -0.003062 0.061490
8.181818 -0.568166 -0.002066 0.054915
9.000000 -0.536143 -0.001157 0.046741
9.818182 -0.469988 -0.000352 0.037984
10.636364 -0.385065 0.000329 0.029656
11.454545 -0.296735 0.000870 0.022773
12.272727 -0.220362 0.001250 0.018347
13.090910 -0.171218 0.001453 0.017662
13.909090 -0.143814 0.001459 0.025665
14.727273 -0.125754 0.001251 0.039830
15.545454 -0.115316 0.000811 0.054800
16.363636 -0.110772 0.000119 0.065227
17.181818 -0.110399 -0.000842 0.070003
18.000000 -0.112471 -0.002090 0.074299
18.818182 -0.115263 -0.003644 0.078005
19.636364 -0.118897 -0.005523 0.080877
20.454546 -0.126343 -0.007744 0.082674
21.272728 -0.134314 -0.010520 0.083152
22.090908 -0.139097 -0.016107 0.082070
22.909090 -0.136981 -0.024645 0.079186
23.727272 -0.122258 -0.035505 0.073777
24.545454 -0.091055 -0.048058 0.063912
25.363636 -0.054421 -0.061670 0.050742
26.181820 -0.024403 -0.075712 0.035808
27.000000 -0.013605 -0.089554 0.020651
27.818180 -0.032226 -0.102563 0.006813
28.636364 -0.062331 -0.114110 -0.004167
29.454546 -0.080384 -0.123565 -0.010747
30.272728 -0.082884 -0.130296 -0.011428
31.090908 -0.083860 -0.133674 -0.006391
31.909088 -0.083538 -0.132738 0.002646
32.727272 -0.082137 -0.124023 0.013924
33.545456 -0.079873 -0.108413 0.025683
34.363636 -0.076964 -0.088014 0.036161
35.181816 -0.073624 -0.064925 0.043601
36.000000 -0.070072 -0.041250 0.046243
36.818180 -0.066525 -0.019090 0.042312
37.636364 -0.063199 -0.000550 0.030659
38.454544 -0.060341 0.012269 0.012783
39.272728 -0.064709 0.017265 -0.009286
40.090908 -0.078750 0.014757 -0.033522
40.909092 -0.098696 0.008580 -0.057897
41.727272 -0.120772 0.000592 -0.080385
42.545456 -0.141211 -0.007379 -0.098957
43.363636 -0.156239 -0.013503 -0.111588
44.181816 -0.162087 -0.015951 -0.116248
"pelvis"
""
8 0.000000 0.000000 0.000000 0.000000 0.000000 0.000000
55
0.000000 -0.000044 10.066605 0.053216
0.818182 -0.000044 9.695293 0.070687
1.636364 -0.000044 9.645947 0.090043
2.454545 -0.000044 9.965860 0.111069
3.272727 -0.000044 10.522484 0.133550
4.090909 -0.000044 11.189433 0.157273
4.909091 -0.000044 11.840326 0.182022
5.727273 -0.000044 12.348778 0.207582
6.545455 -0.000044 12.596918 0.233741
7.363636 -0.000044 12.645198 0.260282
8.181818 -0.000044 12.538935 0.286991
9.000000 -0.000044 12.278090 0.313654
9.818182 -0.000044 11.862628 0.340056
10.636364 -0.000044 11.291961 0.365983
11.454545 -0.000044 10.648411 0.391220
12.272727 -0.000044 10.090130 0.415552
13.090910 -0.000044 9.776684 0.438766
13.909090 -0.000044 9.697851 0.460645
14.727273 -0.000044 9.661621 0.480977
15.545454 -0.000044 9.656741 0.499546
16.363636 -0.000044 9.673918 0.516138
17.181818 -0.000044 9.703856 0.530537
18.000000 -0.000044 9.737259 0.542531
18.818182 -0.000044 9.764832 0.551904
19.636364 -0.000044 9.777282 0.558441
20.454546 -0.000044 9.765312 0.561928
21.272728 -0.000044 9.719335 0.562084
22.090908 -0.000044 9.578547 0.558334
22.909090 -0.000044 9.347858 0.550830
23.727272 -0.000044 9.093267 0.539865
24.545454 -0.000044 8.880774 0.525733
25.363636 -0.000044 8.776381 0.508727
26.181820 -0.000044 8.852818 0.489141
27.000000 -0.000044 9.190250 0.467270
27.818180 -0.000044 9.723897 0.443405
28.636364 -0.000044 10.363108 0.417842
29.454546 -0.000044 11.017234 0.390874
30.272728 -0.000044 11.595625 0.362794
31.090908 -0.000044 12.007628 0.333897
31.909088 -0.000044 12.167733 0.304475
32.727272 -0.000044 12.117781 0.274823
33.545456 -0.000044 11.921380 0.245235
34.363636 -0.000044 11.616117 0.216003
35.181816 -0.000044 11.239573 0.187423
36.000000 -0.000044 10.829333 0.159787
36.818180 -0.000044 10.422981 0.133389
37.636364 -0.000044 10.058103 0.108522
38.454544 -0.000044 9.781176 0.085482
39.272728 -0.000044 9.605890 0.064560
40.090908 -0.000044 9.517299 0.046052
40.909092 -0.000044 9.500432 0.030250
41.727272 -0.000044 9.540323 0.017448
42.545456 -0.000044 9.622006 0.007941
43.363636 -0.000044 9.730513 0.002021
44.181816 -0.000044 9.850876 -0.000018
55
0.000000 -0.012921 0.067842 -0.018831
0.818182 -0.011838 0.052477 -0.018434
1.636364 -0.011838 0.037817 -0.018434
2.454545 -0.011838 0.024685 -0.018435
3.272727 -0.011838 0.013897 -0.018434
4.090909 -0.011839 0.006278 -0.018434
4.909091 -0.011838 0.002645 -0.018434
5.727273 -0.011838 0.002454 -0.018434
6.545455 -0.011838 0.002454 -0.018434
7.363636 -0.011838 0.002454 -0.018434
8.181818 -0.011838 0.002454 -0.018434
9.000000 -0.011838 0.002454 -0.018434
9.818182 -0.011838 0.002454 -0.018434
10.636364 -0.011838 0.002454 -0.018434
11.454545 -0.011838 0.002454 -0.018434
12.272727 -0.011838 0.002454 -0.018434
13.090910 -0.011838 0.002454 -0.018434
13.909090 -0.011838 0.002454 -0.018434
14.727273 -0.011838 0.002454 -0.018434
15.545454 -0.011838 0.002454 -0.018434
16.363636 -0.011838 0.002454 -0.018434
17.181818 -0.011838 0.002454 -0.018434
18.000000 -0.011838 0.002454 -0.018434
18.818182 -0.011838 0.002454 -0.018434
19.636364 -0.011838 0.002454 -0.018434
20.454546 -0.011838 0.002454 -0.018434
21.272728 -0.011838 0.002454 -0.018434
22.090908 -0.011838 0.002454 -0.018423
22.909090 -0.011838 0.002454 -0.018395
23.727272 -0.011838 0.002454 -0.018355
24.545454 -0.011838 0.002454 -0.018307
25.363636 -0.011838 0.002454 -0.018257
26.181820 -0.011838 0.002454 -0.018208
27.000000 -0.011838 0.002468 -0.018166
27.818180 -0.011838 0.003500 -0.018134
28.636364 -0.011838 0.006050 -0.018118
29.454546 -0.011838 0.009957 -0.018123
30.272728 -0.011838 0.015061 -0.018152
31.090908 -0.011838 0.021200 -0.018211
31.909088 -0.011926 0.028213 -0.018303
32.727272 -0.012536 0.035940 -0.018435
33.545456 -0.013703 0.044219 -0.018609
34.363636 -0.015390 0.052891 -0.018831
35.181816 -0.017566 0.061793 -0.019106
36.000000 -0.020199 0.070765 -0.019437
36.818180 -0.023254 0.079646 -0.019830
37.636364 -0.026699 0.088277 -0.020290
38.454544 -0.030501 0.096493 -0.021067
39.272728 -0.034625 0.104136 -0.025012
40.090908 -0.039042 0.111045 -0.032191
40.909092 -0.043716 0.117059 -0.041654
41.727272 -0.048615 0.122017 -0.052449
42.545456 -0.053707 0.125756 -0.063624
43.363636 -0.058956 0.128118 -0.074228
44.181816 -0.064332 0.128941 -0.083309
"r lower arm"
""
8 0.000000 0.000000 0.000000 0.000000 0.000000 0.000000
55
0.000000 -2.065803 10.114369 -0.441853
0.818182 -2.008696 9.714515 -0.377318
1.636364 -1.995845 9.655552 -0.239709
2.454545 -2.023181 9.991339 -0.020966
3.272727 -2.064350 10.586261 0.245933
4.090909 -2.106889 11.309670 0.519873
4.909091 -2.131382 12.031547 0.737075
5.727273 -2.142196 12.632708 0.912437
6.545455 -2.183303 13.078557 1.205304
7.363636 -2.214788 13.384153 1.511804
8.181818 -2.223506 13.530725 1.778280
9.000000 -2.194008 13.452641 2.000966
9.818182 -2.119949 13.091536 2.130649
10.636364 -2.017481 12.416102 2.108644
11.454545 -1.917480 11.542516 1.897447
12.272727 -1.859377 10.678618 1.554931
13.090910 -1.852745 10.053370 1.166297
13.909090 -1.904187 9.725433 0.747090
14.727273 -1.980841 9.557755 0.369253
15.545454 -1.970229 9.537613 0.362164
16.363636 -1.980003 9.550833 0.316318
17.181818 -1.994612 9.590829 0.223073
18.000000 -1.996014 9.644343 0.131221
18.818182 -1.984365 9.691010 0.085147
19.636364 -1.966821 9.712440 0.069299
20.454546 -1.957715 9.713913 0.003742
21.272728 -1.961238 9.686187 -0.083541
22.090908 -1.990484 9.561475 -0.157125
22.909090 -2.049418 9.339908 -0.190886
23.727272 -2.109477 9.079588 -0.144298
24.545454 -2.110130 8.819457 0.092692
25.363636 -2.074297 8.688582 0.403025
26.181820 -2.055769 8.800369 0.622022
27.000000 -1.965049 9.228695 0.907395
27.818180 -1.794131 9.976472 1.360739
28.636364 -1.678049 10.864460 1.704087
29.454546 -1.613256 11.669133 1.851858
30.272728 -1.568617 12.348716 1.933046
31.090908 -1.556198 12.852506 2.000346
31.909088 -1.591896 13.094543 2.062876
32.727272 -1.646028 13.104530 2.122401
33.545456 -1.702327 12.916929 2.157391
34.363636 -1.743994 12.534871 2.135839
35.181816 -1.779433 12.025167 2.063994
36.000000 -1.814163 11.449709 1.923328
36.818180 -1.837436 10.860541 1.681340
37.636364 -1.843502 10.326732 1.331730
38.454544 -1.850726 9.934377 0.933602
39.272728 -1.910322 9.720694 0.599537
40.090908 -2.006432 9.636430 0.327649
40.909092 -2.122280 9.645779 0.100250
41.727272 -2.240446 9.721810 -0.094372
42.545456 -2.345165 9.840660 -0.258397
43.363636 -2.423239 9.978977 -0.388237
44.181816 -2.463763 10.113981 -0.479341
55
0.000000 0.257841 -0.589106 -0.247709
0.818182 0.152834 -0.565196 -0.211889
1.636364 0.084861 -0.537097 -0.179809
2.454545 0.058735 -0.505988 -0.152844
3.272727 0.057284 -0.472956 -0.132281
4.090909 0.060408 -0.437262 -0.113194
4.909091 0.037570 -0.398430 -0.092433
5.727273 0.000564 -0.359058 -0.075204
6.545455 0.033240 -0.323204 -0.068533
7.363636 0.084037 -0.289620 -0.069988
8.181818 0.128882 -0.257176 -0.078113
9.000000 0.169140 -0.212309 -0.099167
9.818182 0.183557 -0.152227 -0.131404
10.636364 0.147242 -0.081814 -0.168871
11.454545 0.067856 -0.007602 -0.209192
12.272727 -0.010390 0.064828 -0.242152
13.090910 -0.061461 0.147740 -0.259179
13.909090 -0.093053 0.222201 -0.250636
14.727273 -0.083960 0.235512 -0.215975
15.545454 0.114250 0.206101 -0.182648
16.363636 0.287644 0.169813 -0.162778
17.181818 0.422237 0.147820 -0.154444
18.000000 0.529632 0.157223 -0.145949
18.818182 0.615490 0.185678 -0.133070
19.636364 0.678611 0.222735 -0.115038
20.454546 0.698307 0.261266 -0.092649
21.272728 0.675756 0.299889 -0.070561
22.090908 0.622554 0.345941 -0.057374
22.909090 0.543724 0.402272 -0.060354
23.727272 0.448239 0.462470 -0.083745
24.545454 0.371210 0.517281 -0.133042
25.363636 0.252503 0.530757 -0.212460
26.181820 0.042474 0.481072 -0.283674
27.000000 -0.121928 0.377264 -0.306332
27.818180 -0.163487 0.250228 -0.269759
28.636364 -0.202479 0.126368 -0.184053
29.454546 -0.271207 0.025976 -0.076993
30.272728 -0.345454 -0.044597 0.021426
31.090908 -0.399855 -0.093051 0.094675
31.909088 -0.426831 -0.130874 0.136463
32.727272 -0.423729 -0.171447 0.169127
33.545456 -0.399900 -0.213086 0.189049
34.363636 -0.370697 -0.255114 0.191126
35.181816 -0.317524 -0.298166 0.174606
36.000000 -0.239576 -0.344924 0.142112
36.818180 -0.164421 -0.395062 0.097734
37.636364 -0.105574 -0.446635 0.045011
38.454544 -0.042218 -0.496903 -0.014619
39.272728 0.073370 -0.542795 -0.080665
40.090908 0.209624 -0.583440 -0.147981
40.909092 0.351316 -0.616255 -0.215159
41.727272 0.487968 -0.638467 -0.280076
42.545456 0.611149 -0.648347 -0.339064
43.363636 0.713691 -0.645230 -0.387470
44.181816 0.788875 -0.629970 -0.420677
"r foot"
""
8 0.000000 0.000000 0.000000 0.000000 0.000000 0.000000
55
0.000000 -1.072374 1.210987 0.392435
0.818182 -1.080811 1.213948 0.392355
1.636364 -1.090780 1.219969 0.391740
2.454545 -1.102346 1.289082 0.390447
3.272727 -1.115571 1.563852 0.388338
4.090909 -1.130518 1.980784 0.385274
4.909091 -1.180888 2.463005 0.381112
5.727273 -1.340408 2.977254 0.376199
6.545455 -1.590328 3.315834 0.368941
7.363636 -1.888515 3.532696 0.360651
8.181818 -2.204521 3.511385 0.350705
9.000000 -2.504977 3.257367 0.338962
9.818182 -2.752544 2.846863 0.325283
10.636364 -2.899134 2.358618 0.459992
11.454545 -2.963853 1.871372 0.845341
12.272727 -2.978301 1.463866 1.230910
13.090910 -2.974080 1.214846 1.368456
13.909090 -2.982111 1.173817 1.370349
14.727273 -2.998227 1.172483 1.374612
15.545454 -3.011140 1.169971 1.380637
16.363636 -3.021050 1.166527 1.387823
17.181818 -3.028155 1.162402 1.395561
18.000000 -3.032657 1.157841 1.403246
18.818182 -3.034753 1.153095 1.410274
19.636364 -3.034643 1.148411 1.416037
20.454546 -3.032527 1.144036 1.419931
21.272728 -3.028605 1.140220 1.421349
22.090908 -3.023075 1.137210 1.419687
22.909090 -3.016138 1.135254 1.414337
23.727272 -3.007991 1.134602 1.404695
24.545454 -2.998837 1.135501 1.390156
25.363636 -2.988872 1.138198 1.370114
26.181820 -2.978298 1.142944 1.343961
27.000000 -2.967313 1.150214 1.311095
27.818180 -2.956117 1.299342 1.234000
28.636364 -2.885338 1.639198 1.007308
29.454546 -2.682886 2.068059 0.735188
30.272728 -2.390395 2.484200 0.543343
31.090908 -2.051008 2.785893 0.503842
31.909088 -1.707867 2.875477 0.483735
32.727272 -1.404114 2.770847 0.466136
33.545456 -1.182890 2.542452 0.450877
34.363636 -1.087339 2.245040 0.437790
35.181816 -1.080088 1.933355 0.426710
36.000000 -1.074069 1.662140 0.417469
36.818180 -1.068872 1.486141 0.409899
37.636364 -1.064444 1.411023 0.403836
38.454544 -1.060733 1.353483 0.399111
39.272728 -1.057686 1.308551 0.395557
40.090908 -1.055252 1.274706 0.393008
40.909092 -1.053378 1.250426 0.391296
41.727272 -1.052011 1.234189 0.390255
42.545456 -1.051100 1.224475 0.389718
43.363636 -1.050591 1.219763 0.389519
44.181816 -1.050433 1.218531 0.389489
55
0.000000 -0.066521 0.218695 -0.112900
0.818182 -0.078535 0.216360 -0.113608
1.636364 -0.094498 0.212975 -0.114336
2.454545 -0.133748 0.208358 -0.115058
3.272727 -0.235217 0.202323 -0.115752
4.090909 -0.365657 0.194685 -0.116394
4.909091 -0.487363 0.185260 -0.116959
5.727273 -0.562633 0.173864 -0.117424
6.545455 -0.566266 0.160312 -0.117765
7.363636 -0.539374 0.144422 -0.117956
8.181818 -0.493887 0.126006 -0.119304
9.000000 -0.434841 0.104882 -0.133335
9.818182 -0.367270 0.073847 -0.158894
10.636364 -0.296208 0.030702 -0.191196
11.454545 -0.226688 -0.014182 -0.225457
12.272727 -0.163746 -0.050406 -0.256889
13.090910 -0.112415 -0.067569 -0.280710
13.909090 -0.077728 -0.049111 -0.292195
14.727273 -0.062272 -0.018688 -0.297010
15.545454 -0.051569 -0.016614 -0.301391
16.363636 -0.042364 -0.020038 -0.305363
17.181818 -0.034688 -0.023271 -0.308950
18.000000 -0.028572 -0.026051 -0.312177
18.818182 -0.024043 -0.028114 -0.315067
19.636364 -0.021133 -0.029198 -0.317646
20.454546 -0.019872 -0.029040 -0.319937
21.272728 -0.020289 -0.027378 -0.321966
22.090908 -0.022416 -0.023949 -0.323757
22.909090 -0.026282 -0.018490 -0.325333
23.727272 -0.031916 -0.011280 -0.326721
24.545454 -0.039350 -0.003281 -0.327943
25.363636 -0.048649 0.005434 -0.329026
26.181820 -0.063170 0.014815 -0.326440
27.000000 -0.084957 0.024811 -0.299649
27.818180 -0.113819 0.035372 -0.250744
28.636364 -0.161031 0.046451 -0.186212
29.454546 -0.273031 0.057997 -0.112534
30.272728 -0.409097 0.069960 -0.036197
31.090908 -0.515512 0.082291 0.036316
31.909088 -0.541702 0.094941 0.098519
32.727272 -0.511166 0.107859 0.143930
33.545456 -0.451727 0.120997 0.166063
34.363636 -0.374060 0.134304 0.134697
35.181816 -0.288837 0.147732 0.046136
36.000000 -0.206735 0.161230 -0.051056
36.818180 -0.138425 0.174686 -0.108112
37.636364 -0.094583 0.186525 -0.110434
38.454544 -0.077005 0.196227 -0.110431
39.272728 -0.065062 0.203990 -0.110426
40.090908 -0.056649 0.210013 -0.110420
40.909092 -0.051150 0.214495 -0.110414
41.727272 -0.047947 0.217635 -0.110407
42.545456 -0.046423 0.219632 -0.110403
43.363636 -0.045962 0.220685 -0.110399
44.181816 -0.045946 0.220991 -0.110397
"r hand"
""
8 0.000000 0.000000 0.000000 0.000000 0.000000 0.000000
55
0.000000 -2.344580 8.108549 -0.932491
0.818182 -2.348367 7.682998 -0.692470
1.636364 -2.352650 7.612114 -0.436710
2.454545 -2.357405 7.940100 -0.170869
3.272727 -2.362610 8.529243 0.099391
4.090909 -2.368240 9.247993 0.368413
4.909091 -2.374273 9.964808 0.630536
5.727273 -2.380686 10.562964 0.880101
6.545455 -2.387455 11.007018 1.111448
7.363636 -2.394557 11.317214 1.318918
8.181818 -2.401969 11.473856 1.496853
9.000000 -2.409668 11.411892 1.639591
9.818182 -2.417630 11.066274 1.741473
10.636364 -2.425833 10.396749 1.796840
11.454545 -2.434253 9.528927 1.755447
12.272727 -2.442867 8.678478 1.582067
13.090910 -2.451651 8.062475 1.305615
13.909090 -2.460583 7.728205 0.955086
14.727273 -2.469638 7.541161 0.559476
15.545454 -2.478795 7.528345 0.147780
16.363636 -2.488030 7.611294 -0.251007
17.181818 -2.497319 7.747315 -0.607891
18.000000 -2.506639 7.903597 -0.893875
18.818182 -2.515968 8.047335 -1.079964
19.636364 -2.525281 8.145722 -1.185800
20.454546 -2.534557 8.166231 -1.266570
21.272728 -2.543770 8.099118 -1.301584
22.090908 -2.581499 7.901490 -1.269290
22.909090 -2.659028 7.591997 -1.147412
23.727272 -2.746454 7.250382 -0.912429
24.545454 -2.813863 6.956389 -0.520087
25.363636 -2.831324 6.789765 -0.000908
26.181820 -2.752511 6.836980 0.584418
27.000000 -2.577698 7.255196 1.175201
27.818180 -2.343284 7.997158 1.710747
28.636364 -2.085661 8.865987 2.130370
29.454546 -1.841227 9.674995 2.411501
30.272728 -1.646377 10.387717 2.633187
31.090908 -1.537508 10.927992 2.798880
31.909088 -1.532344 11.189828 2.905651
32.727272 -1.556398 11.194593 2.950571
33.545456 -1.595154 10.985023 2.930705
34.363636 -1.646188 10.577336 2.843123
35.181816 -1.707075 10.029594 2.659151
36.000000 -1.775389 9.412267 2.358167
36.818180 -1.848707 8.795824 1.961654
37.636364 -1.924602 8.250741 1.491234
38.454544 -2.000649 7.856382 0.968533
39.272728 -2.074425 7.650989 0.423042
40.090908 -2.143504 7.598161 -0.082751
40.909092 -2.205461 7.663230 -0.535628
41.727272 -2.257870 7.813514 -0.930949
42.545456 -2.298308 8.016331 -1.264073
43.363636 -2.324349 8.238993 -1.530355
44.181816 -2.333569 8.448823 -1.725156
55
0.000000 0.751076 -0.279844 -0.381406
0.818182 0.680289 -0.219433 -0.284963
1.636364 0.606978 -0.158829 -0.191624
2.454545 0.532221 -0.099260 -0.106181
3.272727 0.457099 -0.041954 -0.033427
4.090909 0.382688 0.011861 0.021846
4.909091 0.310071 0.060958 0.056804
5.727273 0.240324 0.104109 0.074327
6.545455 0.174528 0.140088 0.076494
7.363636 0.113761 0.167665 0.065314
8.181818 0.059104 0.185614 0.042792
9.000000 0.011634 0.182211 0.010936
9.818182 -0.027569 0.155184 -0.028246
10.636364 -0.057425 0.123027 -0.093719
11.454545 -0.076856 0.104291 -0.192362
12.272727 -0.084783 0.117729 -0.304035
13.090910 -0.080125 0.171713 -0.408603
13.909090 -0.057919 0.246161 -0.485925
14.727273 -0.007146 0.317148 -0.522378
15.545454 0.064439 0.360218 -0.533751
16.363636 0.147456 0.351159 -0.528982
17.181818 0.232520 0.325459 -0.515458
18.000000 0.310252 0.328036 -0.500571
18.818182 0.370917 0.340634 -0.491709
19.636364 0.405236 0.355831 -0.496263
20.454546 0.412346 0.372842 -0.521893
21.272728 0.392713 0.390889 -0.569753
22.090908 0.346801 0.409186 -0.630697
22.909090 0.275074 0.426954 -0.695008
23.727272 0.178403 0.443411 -0.752971
24.545454 0.062722 0.457774 -0.794872
25.363636 -0.064075 0.458225 -0.810999
26.181820 -0.194312 0.298148 -0.796998
27.000000 -0.320314 0.030078 -0.757886
27.818180 -0.434404 -0.218693 -0.698000
28.636364 -0.529257 -0.321153 -0.621677
29.454546 -0.602507 -0.281054 -0.533253
30.272728 -0.655076 -0.201262 -0.437065
31.090908 -0.687895 -0.132189 -0.337450
31.909088 -0.701901 -0.133503 -0.238746
32.727272 -0.698031 -0.203701 -0.145288
33.545456 -0.677217 -0.206774 -0.061413
34.363636 -0.640398 -0.017046 0.008541
35.181816 -0.588508 0.292833 0.060238
36.000000 -0.522481 0.540519 0.089342
36.818180 -0.436486 0.580801 0.088299
37.636364 -0.296633 0.531239 0.039625
38.454544 -0.111889 0.433757 -0.048511
39.272728 0.101365 0.300507 -0.164044
40.090908 0.326750 0.143642 -0.294907
40.909092 0.547886 -0.024683 -0.429036
41.727272 0.748394 -0.192317 -0.554362
42.545456 0.911894 -0.347107 -0.658820
43.363636 1.022005 -0.476901 -0.730343
44.181816 1.062350 -0.569543 -0.756866
"r leg"
""
8 0.000000 0.000000 0.000000 0.000000 0.000000 0.000000
55
0.000000 -1.157949 4.991403 -0.958055
0.818182 -1.245891 4.817960 -1.370179
1.636364 -1.273387 4.800487 -1.416362
2.454545 -1.244102 4.991898 -1.156082
3.272727 -1.190280 5.400762 -0.792860
4.090909 -1.112347 5.931145 -0.333760
4.909091 -0.998059 6.474144 0.376547
5.727273 -1.056606 6.980455 0.504736
6.545455 -1.267733 7.300592 -0.005645
7.363636 -1.451948 7.457944 -0.363587
8.181818 -1.580708 7.400538 -0.429064
9.000000 -1.671503 7.131469 -0.308604
9.818182 -1.747412 6.703149 -0.166096
10.636364 -1.768296 6.154766 -0.198155
11.454545 -1.740039 5.534280 -0.253781
12.272727 -1.719936 4.982048 -0.239330
13.090910 -1.703155 4.671486 -0.231257
13.909090 -1.690940 4.605872 -0.265671
14.727273 -1.686897 4.582464 -0.291262
15.545454 -1.692173 4.580342 -0.278393
16.363636 -1.704908 4.593300 -0.239346
17.181818 -1.722992 4.615195 -0.184773
18.000000 -1.744142 4.639882 -0.125742
18.818182 -1.766109 4.661231 -0.075058
19.636364 -1.787741 4.673396 -0.047656
20.454546 -1.809546 4.671023 -0.059043
21.272728 -1.827699 4.647424 -0.121384
22.090908 -1.839366 4.565789 -0.302628
22.909090 -1.851651 4.432539 -0.559130
23.727272 -1.869053 4.288698 -0.803740
24.545454 -1.889526 4.172452 -0.990819
25.363636 -1.907951 4.121015 -1.091004
26.181820 -1.914580 4.173656 -1.065598
27.000000 -1.916600 4.378692 -0.832646
27.818180 -1.912980 4.763263 -0.508356
28.636364 -1.877631 5.305174 -0.284139
29.454546 -1.781505 5.881880 -0.139436
30.272728 -1.637924 6.388841 -0.013662
31.090908 -1.466672 6.739395 0.115172
31.909088 -1.291248 6.858565 0.193680
32.727272 -1.124448 6.773776 0.321105
33.545456 -0.982011 6.552015 0.526663
34.363636 -0.957925 6.257165 0.344014
35.181816 -1.004465 5.925127 -0.000753
36.000000 -1.057236 5.597154 -0.381324
36.818180 -1.112187 5.318913 -0.786209
37.636364 -1.160183 5.110061 -1.155217
38.454544 -1.186757 4.949038 -1.383806
39.272728 -1.199499 4.842668 -1.505128
40.090908 -1.203833 4.784194 -1.552271
40.909092 -1.202075 4.765956 -1.543032
41.727272 -1.195398 4.779973 -1.488455
42.545456 -1.184528 4.818032 -1.396685
43.363636 -1.170112 4.871760 -1.275209
44.181816 -1.152971 4.932696 -1.132730
55
0.000000 -0.346588 0.171444 -0.039245
0.818182 -0.460458 0.177097 -0.041775
1.636364 -0.473964 0.183323 -0.042688
2.454545 -0.401270 0.189799 -0.042003
3.272727 -0.302793 0.195073 -0.041387
4.090909 -0.181928 0.198262 -0.041177
4.909091 0.000594 0.196108 -0.045776
5.727273 0.034318 0.183456 -0.064835
6.545455 -0.092918 0.162198 -0.096116
7.363636 -0.181270 0.134121 -0.135513
8.181818 -0.194513 0.091173 -0.177146
9.000000 -0.160281 0.025444 -0.216071
9.818182 -0.121079 -0.049195 -0.248906
10.636364 -0.164033 -0.116530 -0.270071
11.454545 -0.279136 -0.158573 -0.276923
12.272727 -0.378922 -0.170532 -0.275685
13.090910 -0.414988 -0.177786 -0.274210
13.909090 -0.425621 -0.184537 -0.276455
14.727273 -0.434342 -0.189032 -0.279779
15.545454 -0.432497 -0.189797 -0.281762
16.363636 -0.423367 -0.187001 -0.282736
17.181818 -0.409871 -0.180801 -0.283060
18.000000 -0.395022 -0.171316 -0.283113
18.818182 -0.382231 -0.158598 -0.283274
19.636364 -0.375360 -0.142087 -0.283970
20.454546 -0.378372 -0.120803 -0.285665
21.272728 -0.394663 -0.099326 -0.288417
22.090908 -0.443075 -0.079722 -0.294492
22.909090 -0.513149 -0.062620 -0.304100
23.727272 -0.581366 -0.047716 -0.315076
24.545454 -0.633438 -0.034711 -0.324642
25.363636 -0.658231 -0.023629 -0.329331
26.181820 -0.641967 -0.016594 -0.325100
27.000000 -0.561463 -0.008088 -0.309535
27.818180 -0.447095 0.001460 -0.293211
28.636364 -0.325746 0.016836 -0.273976
29.454546 -0.218026 0.041984 -0.241464
30.272728 -0.137751 0.069219 -0.200092
31.090908 -0.095615 0.092797 -0.155793
31.909088 -0.071013 0.113169 -0.112452
32.727272 -0.034688 0.131381 -0.074530
33.545456 0.020835 0.146865 -0.047267
34.363636 -0.021885 0.154692 -0.035889
35.181816 -0.106216 0.155573 -0.035738
36.000000 -0.200999 0.155469 -0.036101
36.818180 -0.304445 0.153618 -0.037038
37.636364 -0.401885 0.151357 -0.038434
38.454544 -0.463921 0.149303 -0.039579
39.272728 -0.497247 0.147391 -0.039764
40.090908 -0.509929 0.145582 -0.038977
40.909092 -0.506631 0.143862 -0.037450
41.727272 -0.490550 0.142198 -0.035451
42.545456 -0.464261 0.140570 -0.033242
43.363636 -0.430184 0.138978 -0.031058
44.181816 -0.390978 0.137449 -0.029101
"r thigh"
""
8 0.000000 0.000000 0.000000 0.000000 0.000000 0.000000
55
0.000000 -0.779632 8.796329 0.362999
0.818182 -0.783875 8.424517 0.367434
1.636364 -0.788143 8.375249 0.375613
2.454545 -0.791827 8.695230 0.386574
3.272727 -0.794753 9.251907 0.400753
4.090909 -0.796767 9.918894 0.418592
4.909091 -0.797711 10.569804 0.440530
5.727273 -0.797760 11.078257 0.465943
6.545455 -0.797760 11.326397 0.492102
7.363636 -0.797760 11.374677 0.518643
8.181818 -0.797760 11.268414 0.545352
9.000000 -0.797760 11.007569 0.572015
9.818182 -0.797760 10.592107 0.598417
10.636364 -0.797760 10.021440 0.624344
11.454545 -0.797760 9.377890 0.649581
12.272727 -0.797760 8.819609 0.673913
13.090910 -0.797760 8.506163 0.697127
13.909090 -0.797760 8.427330 0.719006
14.727273 -0.797760 8.391100 0.739338
15.545454 -0.797760 8.386220 0.757907
16.363636 -0.797760 8.403397 0.774498
17.181818 -0.797760 8.433334 0.788898
18.000000 -0.797760 8.466738 0.800892
18.818182 -0.797760 8.494311 0.810264
19.636364 -0.797760 8.506761 0.816801
20.454546 -0.797760 8.494791 0.820289
21.272728 -0.797760 8.448813 0.820445
22.090908 -0.797746 8.308018 0.816695
22.909090 -0.797710 8.077306 0.809191
23.727272 -0.797659 7.822683 0.798226
24.545454 -0.797598 7.610152 0.784094
25.363636 -0.797534 7.505719 0.767088
26.181820 -0.797473 7.582117 0.747502
27.000000 -0.797415 7.919515 0.725641
27.818180 -0.797108 8.453132 0.702576
28.636364 -0.796425 9.092319 0.678985
29.454546 -0.795405 9.746429 0.655036
30.272728 -0.794084 10.324819 0.630894
31.090908 -0.792498 10.736838 0.606723
31.909088 -0.790680 10.897004 0.582802
32.727272 -0.788643 10.847272 0.559855
33.545456 -0.786407 10.651263 0.538087
34.363636 -0.783998 10.346563 0.517622
35.181816 -0.781449 9.970750 0.498583
36.000000 -0.778795 9.561409 0.481096
36.818180 -0.776083 9.156122 0.465286
37.636364 -0.773366 8.792475 0.451284
38.454544 -0.771017 8.517137 0.439219
39.272728 -0.772695 8.345987 0.429225
40.090908 -0.778518 8.264147 0.421437
40.909092 -0.787319 8.255954 0.415992
41.727272 -0.797951 8.305745 0.413030
42.545456 -0.809305 8.397835 0.412692
43.363636 -0.820312 8.516497 0.415120
44.181816 -0.829945 8.645973 0.420454
55
0.000000 0.331323 0.171444 -0.039245
0.818182 0.443975 0.177097 -0.041775
1.636364 0.459634 0.183323 -0.042688
2.454545 0.391784 0.189799 -0.042003
3.272727 0.299340 0.195073 -0.041387
4.090909 0.185663 0.198262 -0.041177
4.909091 0.012271 0.196108 -0.045776
5.727273 -0.013445 0.183456 -0.064835
6.545455 0.120312 0.162198 -0.096116
7.363636 0.216475 0.134121 -0.135513
8.181818 0.238743 0.091173 -0.177146
9.000000 0.214141 0.025444 -0.216071
9.818182 0.185185 -0.049195 -0.248906
10.636364 0.200878 -0.116530 -0.270071
11.454545 0.222493 -0.158573 -0.276923
12.272727 0.225080 -0.170532 -0.275685
13.090910 0.229064 -0.177786 -0.274210
13.909090 0.243787 -0.184537 -0.276455
14.727273 0.255823 -0.189031 -0.279779
15.545454 0.257350 -0.189797 -0.281761
16.363636 0.251452 -0.187001 -0.282736
17.181818 0.240869 -0.180801 -0.283060
18.000000 0.228457 -0.171316 -0.283113
18.818182 0.217474 -0.158598 -0.283274
19.636364 0.211642 -0.142087 -0.283970
20.454546 0.214779 -0.120803 -0.285665
21.272728 0.229998 -0.099326 -0.288417
22.090908 0.274542 -0.079722 -0.294492
22.909090 0.338174 -0.062620 -0.304100
23.727272 0.399180 -0.047716 -0.315076
24.545454 0.445314 -0.034711 -0.324642
25.363636 0.467817 -0.023629 -0.329331
26.181820 0.455490 -0.016594 -0.325100
27.000000 0.387213 -0.008088 -0.309535
27.818180 0.297120 0.001460 -0.293211
28.636364 0.234560 0.016836 -0.273976
29.454546 0.192571 0.041984 -0.241464
30.272728 0.155454 0.069219 -0.200092
31.090908 0.117675 0.092797 -0.155793
31.909088 0.092485 0.113169 -0.112452
32.727272 0.055367 0.131381 -0.074530
33.545456 -0.000926 0.146865 -0.047267
34.363636 0.039375 0.154692 -0.035889
35.181816 0.120591 0.155573 -0.035738
36.000000 0.212108 0.155469 -0.036101
36.818180 0.312183 0.153618 -0.037038
37.636364 0.406320 0.151358 -0.038434
38.454544 0.465526 0.149303 -0.039579
39.272728 0.496563 0.147391 -0.039764
40.090908 0.507554 0.145582 -0.038976
40.909092 0.503237 0.143862 -0.037450
41.727272 0.486869 0.142198 -0.035451
42.545456 0.461058 0.140570 -0.033242
43.363636 0.428239 0.138978 -0.031058
44.181816 0.391070 0.137449 -0.029101
"r upper arm"
""
8 0.000000 0.000000 0.000000 0.000000 0.000000 0.000000
55
0.000000 -1.274600 13.065051 -0.596576
0.818182 -1.299676 12.683226 -0.577864
1.636364 -1.326196 12.623875 -0.550795
2.454545 -1.353794 12.936042 -0.507628
3.272727 -1.382703 13.489302 -0.435348
4.090909 -1.412299 14.146403 -0.389782
4.909091 -1.437963 14.771349 -0.433524
5.727273 -1.457450 15.241471 -0.531130
6.545455 -1.476459 15.459116 -0.581994
7.363636 -1.497369 15.485020 -0.594606
8.181818 -1.522164 15.364980 -0.569760
9.000000 -1.552169 15.101206 -0.497722
9.818182 -1.577370 14.684043 -0.427447
10.636364 -1.581678 14.110394 -0.403610
11.454545 -1.550958 13.460711 -0.459097
12.272727 -1.505145 12.900806 -0.518347
13.090910 -1.487383 12.597701 -0.492408
13.909090 -1.501948 12.536830 -0.388994
14.727273 -1.530346 12.522343 -0.234459
15.545454 -1.555818 12.539382 -0.054849
16.363636 -1.568769 12.575589 0.120152
17.181818 -1.569039 12.619802 0.260521
18.000000 -1.565142 12.662999 0.375449
18.818182 -1.561573 12.696116 0.470634
19.636364 -1.565431 12.707603 0.545012
20.454546 -1.574996 12.690317 0.597612
21.272728 -1.585845 12.637992 0.625926
22.090908 -1.594040 12.492738 0.622147
22.909090 -1.594268 12.262372 0.589077
23.727272 -1.580361 12.015582 0.531074
24.545454 -1.566732 11.809240 0.442187
25.363636 -1.558917 11.701065 0.277336
26.181820 -1.542423 11.767076 0.082233
27.000000 -1.525682 12.090435 -0.079320
27.818180 -1.526539 12.609632 -0.172828
28.636364 -1.537191 13.238469 -0.220029
29.454546 -1.548674 13.884176 -0.257035
30.272728 -1.565601 14.452839 -0.287406
31.090908 -1.581377 14.857633 -0.309738
31.909088 -1.591657 15.017021 -0.316595
32.727272 -1.593573 14.976368 -0.296617
33.545456 -1.585296 14.798388 -0.251956
34.363636 -1.565360 14.518815 -0.185906
35.181816 -1.536341 14.170954 -0.102744
36.000000 -1.497797 13.789244 -0.022065
36.818180 -1.452474 13.409284 0.034136
37.636364 -1.406103 13.067498 0.045754
38.454544 -1.364196 12.809504 0.009832
39.272728 -1.327846 12.648374 -0.068255
40.090908 -1.295069 12.568792 -0.174621
40.909092 -1.264418 12.555467 -0.294594
41.727272 -1.235958 12.593898 -0.413363
42.545456 -1.211477 12.670803 -0.516148
43.363636 -1.194140 12.774027 -0.588368
44.181816 -1.187626 12.891939 -0.615634
55
0.000000 0.007960 -0.587197 -0.247552
0.818182 -0.009600 -0.563949 -0.211889
1.636364 -0.051159 -0.536055 -0.179879
2.454545 -0.115879 -0.504654 -0.152995
3.272727 -0.186174 -0.471106 -0.132552
4.090909 -0.267994 -0.434786 -0.113650
4.909091 -0.361915 -0.395457 -0.093161
5.727273 -0.462204 -0.355681 -0.076279
6.545455 -0.597141 -0.318714 -0.070203
7.363636 -0.733807 -0.283951 -0.072355
8.181818 -0.847864 -0.250582 -0.081113
9.000000 -0.920277 -0.205081 -0.102562
9.818182 -0.941607 -0.144799 -0.134886
10.636364 -0.905140 -0.074822 -0.172124
11.454545 -0.819644 -0.001619 -0.211949
12.272727 -0.689443 0.069521 -0.244179
13.090910 -0.525007 0.151048 -0.260409
13.909090 -0.336738 0.223993 -0.251164
14.727273 -0.150685 0.236014 -0.216088
15.545454 -0.085233 0.207629 -0.182731
16.363636 -0.009759 0.172082 -0.162602
17.181818 0.068249 0.150477 -0.153944
18.000000 0.136749 0.160108 -0.145132
18.818182 0.184029 0.188776 -0.131953
19.636364 0.215052 0.226001 -0.113670
20.454546 0.256570 0.264342 -0.091234
21.272728 0.298638 0.302511 -0.069313
22.090908 0.326612 0.348018 -0.056409
22.909090 0.331889 0.403787 -0.059714
23.727272 0.299069 0.463565 -0.083365
24.545454 0.180696 0.518712 -0.132696
25.363636 0.000897 0.532679 -0.212321
26.181820 -0.151200 0.482546 -0.283879
27.000000 -0.303469 0.378600 -0.306748
27.818180 -0.490918 0.252541 -0.270737
28.636364 -0.631431 0.129270 -0.185564
29.454546 -0.703343 0.028787 -0.078705
30.272728 -0.753974 -0.042043 0.019641
31.090908 -0.800201 -0.090639 0.092796
31.909088 -0.839995 -0.128451 0.134432
32.727272 -0.868049 -0.168870 0.166901
33.545456 -0.872119 -0.210325 0.186696
34.363636 -0.835724 -0.252322 0.188877
35.181816 -0.768001 -0.295338 0.172573
36.000000 -0.674968 -0.342037 0.140370
36.818180 -0.555694 -0.392334 0.096414
37.636364 -0.417594 -0.444371 0.044169
38.454544 -0.283121 -0.495104 -0.015094
39.272728 -0.189474 -0.540796 -0.080952
40.090908 -0.128738 -0.580855 -0.148047
40.909092 -0.088604 -0.612916 -0.214865
41.727272 -0.059274 -0.634373 -0.279274
42.545456 -0.034581 -0.643615 -0.337669
43.363636 -0.010682 -0.640036 -0.385499
44.181816 0.015705 -0.624537 -0.418258
"neck"
""
8 0.000000 0.000000 0.000000 0.000000 0.000000 0.000000
55
0.000000 0.209350 13.157914 -0.488126
0.818182 0.181789 12.791656 -0.451388
1.636364 0.152148 12.748461 -0.404266
2.454545 0.120744 13.076506 -0.338805
3.272727 0.087306 13.644153 -0.241476
4.090909 0.052630 14.317020 -0.172141
4.909091 0.021634 14.962549 -0.197911
5.727273 -0.003029 15.455535 -0.283481
6.545455 -0.026686 15.692204 -0.324462
7.363636 -0.050978 15.733706 -0.332689
8.181818 -0.077178 15.625760 -0.311882
9.000000 -0.106083 15.369861 -0.254506
9.818182 -0.129333 14.958098 -0.202562
10.636364 -0.135066 14.387715 -0.173611
11.454545 -0.113761 13.739740 -0.177851
12.272727 -0.081839 13.178853 -0.172826
13.090910 -0.069746 12.871050 -0.120817
13.909090 -0.078423 12.802886 -0.035042
14.727273 -0.094691 12.779136 0.074486
15.545454 -0.107229 12.785651 0.197013
16.363636 -0.110125 12.811107 0.318601
17.181818 -0.104533 12.845641 0.423961
18.000000 -0.096598 12.880947 0.510984
18.818182 -0.090013 12.908755 0.579218
19.636364 -0.092260 12.920482 0.628327
20.454546 -0.101343 12.907539 0.658051
21.272728 -0.112363 12.860923 0.666494
22.090908 -0.120907 12.720325 0.646159
22.909090 -0.121063 12.490462 0.600667
23.727272 -0.106069 12.236805 0.535257
24.545454 -0.091532 12.023977 0.455046
25.363636 -0.086450 11.917217 0.364583
26.181820 -0.079696 11.989177 0.265522
27.000000 -0.072408 12.319819 0.161246
27.818180 -0.072276 12.844468 0.056224
28.636364 -0.075546 13.473392 -0.044247
29.454546 -0.081355 14.117362 -0.134186
30.272728 -0.095450 14.687174 -0.208444
31.090908 -0.110195 15.093981 -0.262249
31.909088 -0.120078 15.254123 -0.289562
32.727272 -0.121370 15.210766 -0.283580
33.545456 -0.111837 15.025132 -0.252075
34.363636 -0.089982 14.731894 -0.204625
35.181816 -0.059151 14.366082 -0.151005
36.000000 -0.019379 13.963719 -0.101638
36.818180 0.027063 13.561812 -0.066857
37.636364 0.075430 13.198188 -0.056581
38.454544 0.119797 12.919858 -0.080059
39.272728 0.158478 12.740711 -0.137580
40.090908 0.193115 12.645536 -0.218356
40.909092 0.224937 12.619112 -0.310787
41.727272 0.253861 12.647055 -0.403081
42.545456 0.278274 12.716228 -0.483407
43.363636 0.295326 12.814665 -0.540063
44.181816 0.301683 12.930938 -0.561506
55
0.000000 -0.242320 -0.074514 -0.029596
0.818182 -0.242929 -0.076068 -0.004588
1.636364 -0.243960 -0.077458 0.019986
2.454545 -0.245501 -0.079014 0.042980
3.272727 -0.247639 -0.080810 0.063252
4.090909 -0.252803 -0.082072 0.079658
4.909091 -0.275981 -0.082810 0.091052
5.727273 -0.311448 -0.083136 0.096633
6.545455 -0.348982 -0.083160 0.098351
7.363636 -0.378365 -0.082993 0.097188
8.181818 -0.389370 -0.082747 0.093707
9.000000 -0.373736 -0.082534 0.087195
9.818182 -0.337319 -0.082462 0.074975
10.636364 -0.290571 -0.082645 0.062805
11.454545 -0.243936 -0.087768 0.057077
12.272727 -0.207863 -0.107147 0.056704
13.090910 -0.183261 -0.121180 0.058716
13.909090 -0.160091 -0.112702 0.061769
14.727273 -0.138583 -0.095244 0.064524
15.545454 -0.119097 -0.073524 0.065640
16.363636 -0.101994 -0.049346 0.063494
17.181818 -0.087632 -0.024514 0.057689
18.000000 -0.076374 -0.000830 0.050935
18.818182 -0.068514 0.019903 0.046103
19.636364 -0.062607 0.035882 0.046113
20.454546 -0.057974 0.046767 0.051526
21.272728 -0.054675 0.054734 0.058729
22.090908 -0.052769 0.059559 0.063784
22.909090 -0.052316 0.060919 0.063035
23.727272 -0.053376 0.058492 0.059043
24.545454 -0.056006 0.051956 0.053767
25.363636 -0.060268 0.038249 0.047473
26.181820 -0.066220 -0.012186 0.040422
27.000000 -0.073923 -0.063602 0.032879
27.818180 -0.083828 -0.070754 0.025110
28.636364 -0.098469 -0.065634 0.017377
29.454546 -0.115802 -0.057612 0.009946
30.272728 -0.132780 -0.047214 0.002362
31.090908 -0.146530 -0.034963 -0.005982
31.909088 -0.158359 -0.021384 -0.014939
32.727272 -0.169388 -0.007000 -0.024366
33.545456 -0.179620 0.007664 -0.034119
34.363636 -0.189063 0.022084 -0.044052
35.181816 -0.197721 0.035736 -0.054021
36.000000 -0.205599 0.048095 -0.063882
36.818180 -0.212702 0.058638 -0.073490
37.636364 -0.219035 0.066840 -0.082701
38.454544 -0.224605 0.072178 -0.091369
39.272728 -0.229415 0.073584 -0.099350
40.090908 -0.233471 0.065118 -0.106500
40.909092 -0.236777 0.047861 -0.112675
41.727272 -0.239340 0.025103 -0.117729
42.545456 -0.241164 0.000130 -0.121518
43.363636 -0.242255 -0.023768 -0.123898
44.181816 -0.242618 -0.043304 -0.124723
"l lower arm"
""
8 0.000000 0.000000 0.000000 0.000000 0.000000 0.000000
55
0.000000 2.125109 10.051112 0.427564
0.818182 2.100638 9.673520 0.408842
1.636364 2.086245 9.622872 0.396475
2.454545 2.080495 9.948313 0.399769
3.272727 2.085219 10.519163 0.430202
4.090909 2.105878 11.214151 0.488023
4.909091 2.148647 11.913379 0.567512
5.727273 2.221654 12.501113 0.683093
6.545455 2.315686 12.887642 0.898401
7.363636 2.394593 13.119575 1.153221
8.181818 2.432101 13.214493 1.404526
9.000000 2.415198 13.138421 1.632658
9.818182 2.341182 12.863055 1.815129
10.636364 2.217958 12.353709 1.950717
11.454545 1.991835 11.600194 1.993997
12.272727 1.725706 10.788357 1.883631
13.090910 1.589491 10.209258 1.632312
13.909090 1.654756 9.938916 1.334309
14.727273 1.791162 9.831668 1.158633
15.545454 1.926147 9.815358 1.079033
16.363636 2.023540 9.810872 0.965972
17.181818 2.066339 9.810776 0.845914
18.000000 2.089159 9.821762 0.739499
18.818182 2.083456 9.834092 0.667137
19.636364 2.056198 9.838782 0.619881
20.454546 2.015837 9.822806 0.579115
21.272728 1.971708 9.774227 0.542794
22.090908 1.932873 9.630253 0.508244
22.909090 1.909250 9.393976 0.481485
23.727272 1.915618 9.130260 0.464731
24.545454 1.956295 8.911058 0.430371
25.363636 2.009405 8.801752 0.404256
26.181820 2.041709 8.875421 0.432315
27.000000 2.041509 9.217772 0.514310
27.818180 2.033004 9.785022 0.645077
28.636364 2.041761 10.545983 0.920446
29.454546 2.082369 11.400410 1.195457
30.272728 2.140142 12.226739 1.419393
31.090908 2.201433 12.894845 1.588034
31.909088 2.258217 13.274958 1.702760
32.727272 2.313438 13.364117 1.764529
33.545456 2.363997 13.196671 1.769602
34.363636 2.371784 12.856305 1.762487
35.181816 2.327941 12.400418 1.743596
36.000000 2.272650 11.882541 1.702999
36.818180 2.239408 11.355146 1.638522
37.636364 2.255058 10.869036 1.551897
38.454544 2.336663 10.484966 1.434137
39.272728 2.426066 10.209313 1.292474
40.090908 2.464598 10.019628 1.152487
40.909092 2.452996 9.905564 1.029066
41.727272 2.423649 9.860574 0.923805
42.545456 2.389331 9.874770 0.841890
43.363636 2.361217 9.938500 0.788497
44.181816 2.349422 10.042349 0.769035
55
0.000000 0.346287 0.248927 0.082219
0.818182 0.322823 0.257991 0.083459
1.636364 0.299926 0.266104 0.090204
2.454545 0.282306 0.273921 0.101314
3.272727 0.275722 0.281539 0.117516
4.090909 0.280052 0.287657 0.135763
4.909091 0.292103 0.290779 0.151837
5.727273 0.310409 0.289237 0.170920
6.545455 0.349891 0.281100 0.198484
7.363636 0.387730 0.263858 0.232052
8.181818 0.411441 0.237719 0.268320
9.000000 0.421369 0.203799 0.302270
9.818182 0.416838 0.164798 0.321969
10.636364 0.408391 0.121088 0.315870
11.454545 0.382417 0.008440 0.307335
12.272727 0.325446 -0.162411 0.305060
13.090910 0.237542 -0.299697 0.295739
13.909090 0.145971 -0.321049 0.272237
14.727273 0.132184 -0.218057 0.245734
15.545454 0.178593 -0.085020 0.237473
16.363636 0.215421 -0.027658 0.249300
17.181818 0.246692 -0.052794 0.264181
18.000000 0.273466 -0.068630 0.268436
18.818182 0.297757 -0.072283 0.262946
19.636364 0.312376 -0.068297 0.253731
20.454546 0.320155 -0.059899 0.242802
21.272728 0.321421 -0.049482 0.231701
22.090908 0.315362 -0.039530 0.221945
22.909090 0.305199 -0.032420 0.214795
23.727272 0.292172 -0.033509 0.213372
24.545454 0.262658 -0.048013 0.223480
25.363636 0.229578 -0.061080 0.234801
26.181820 0.209000 -0.057645 0.238128
27.000000 0.196202 -0.033747 0.233113
27.818180 0.194688 0.008847 0.226419
28.636364 0.258096 0.058231 0.221719
29.454546 0.322357 0.105932 0.221426
30.272728 0.367604 0.147101 0.228205
31.090908 0.396630 0.182210 0.238285
31.909088 0.415540 0.211745 0.247445
32.727272 0.431147 0.240193 0.248966
33.545456 0.445665 0.267523 0.239091
34.363636 0.469893 0.264874 0.237630
35.181816 0.498659 0.228441 0.246248
36.000000 0.527192 0.183064 0.252508
36.818180 0.553625 0.149931 0.249081
37.636364 0.576901 0.147881 0.233363
38.454544 0.590679 0.193886 0.206965
39.272728 0.593979 0.252288 0.181290
40.090908 0.591326 0.280276 0.163804
40.909092 0.585858 0.273693 0.153166
41.727272 0.579197 0.253364 0.145343
42.545456 0.573061 0.227972 0.139678
43.363636 0.568647 0.206365 0.136131
44.181816 0.566749 0.197196 0.134906
"l foot"
""
8 0.000000 0.000000 0.000000 0.000000 0.000000 0.000000
55
0.000000 1.079460 1.213349 0.440704
0.818182 1.082743 1.229870 0.440093
1.636364 1.087275 1.248456 0.439447
2.454545 1.093253 1.268985 0.438784
3.272727 1.100877 1.363556 0.438119
4.090909 1.110345 1.929686 0.437467
4.909091 1.153615 2.543437 0.436847
5.727273 1.329699 3.003328 0.436272
6.545455 1.603425 3.315792 0.435761
7.363636 1.926938 3.487269 0.435327
8.181818 2.252382 3.514288 0.434989
9.000000 2.531901 3.275345 0.434760
9.818182 2.717639 2.824244 0.434659
10.636364 2.766646 2.279637 0.466578
11.454545 2.766855 1.760163 0.576481
12.272727 2.767324 1.384473 0.717614
13.090910 2.768026 1.266106 0.840041
13.909090 2.768934 1.262802 0.895529
14.727273 2.770020 1.261141 0.917009
15.545454 2.771256 1.260920 0.936389
16.363636 2.772614 1.261935 0.953582
17.181818 2.774068 1.263981 0.968507
18.000000 2.775587 1.266859 0.981078
18.818182 2.777147 1.270359 0.991209
19.636364 2.778717 1.274282 0.998817
20.454546 2.780271 1.278423 1.003818
21.272728 2.781780 1.282577 1.006126
22.090908 2.783217 1.286541 1.005657
22.909090 2.784554 1.290111 1.002327
23.727272 2.785764 1.293086 0.996051
24.545454 2.786818 1.295259 0.986742
25.363636 2.787689 1.296429 0.974320
26.181820 2.788350 1.296389 0.958698
27.000000 2.788771 1.294939 0.939791
27.818180 2.788926 1.300391 0.912299
28.636364 2.696219 1.500241 0.815923
29.454546 2.446011 1.872673 0.669697
30.272728 2.106667 2.290804 0.520193
31.090908 1.744888 2.650933 0.414627
31.909088 1.437697 2.778805 0.393652
32.727272 1.250860 2.714592 0.401570
33.545456 1.195579 2.514655 0.408144
34.363636 1.158055 2.207412 0.413735
35.181816 1.130458 1.840999 0.419028
36.000000 1.106212 1.593641 0.423844
36.818180 1.088431 1.432914 0.428003
37.636364 1.076241 1.355440 0.431547
38.454544 1.068765 1.295149 0.434516
39.272728 1.065127 1.249090 0.436955
40.090908 1.064451 1.215359 0.438904
40.909092 1.065862 1.192043 0.440404
41.727272 1.068484 1.177232 0.441498
42.545456 1.071441 1.169019 0.442228
43.363636 1.073858 1.165491 0.442635
44.181816 1.074858 1.164739 0.442761
55
0.000000 -0.019057 -0.102686 0.082913
0.818182 -0.037777 -0.101545 0.090518
1.636364 -0.064803 -0.100232 0.098989
2.454545 -0.102818 -0.098746 0.108240
3.272727 -0.207620 -0.097092 0.118192
4.090909 -0.356875 -0.095268 0.128764
4.909091 -0.478441 -0.093276 0.139871
5.727273 -0.506276 -0.091117 0.151433
6.545455 -0.448705 -0.088793 0.163368
7.363636 -0.351832 -0.086302 0.175595
8.181818 -0.260358 -0.076903 0.188030
9.000000 -0.193528 -0.031969 0.200594
9.818182 -0.145868 0.015200 0.213204
10.636364 -0.116343 0.016214 0.225778
11.454545 -0.103918 -0.132221 0.238233
12.272727 -0.103028 -0.306114 0.250490
13.090910 -0.103422 -0.292311 0.262464
13.909090 -0.104623 -0.252324 0.274076
14.727273 -0.106484 -0.204418 0.285160
15.545454 -0.108857 -0.166722 0.295516
16.363636 -0.111598 -0.155585 0.305123
17.181818 -0.114556 -0.154223 0.313973
18.000000 -0.117586 -0.153386 0.322052
18.818182 -0.120539 -0.152907 0.329348
19.636364 -0.123269 -0.152625 0.335852
20.454546 -0.127180 -0.152371 0.341549
21.272728 -0.139995 -0.151983 0.346429
22.090908 -0.160518 -0.151295 0.350478
22.909090 -0.186056 -0.153934 0.353686
23.727272 -0.213915 -0.174892 0.356041
24.545454 -0.241404 -0.206000 0.357531
25.363636 -0.265827 -0.235902 0.358144
26.181820 -0.284582 -0.253243 0.357864
27.000000 -0.302258 -0.244420 0.351991
27.818180 -0.320480 -0.211619 0.337553
28.636364 -0.336138 -0.169515 0.316267
29.454546 -0.346116 -0.132808 0.289849
30.272728 -0.347301 -0.116197 0.260017
31.090908 -0.336485 -0.133160 0.228485
31.909088 -0.298532 -0.178395 0.196971
32.727272 -0.237339 -0.234426 0.167192
33.545456 -0.171883 -0.283650 0.140863
34.363636 -0.121135 -0.308456 0.119701
35.181816 -0.096976 -0.306517 0.104976
36.000000 -0.078472 -0.297848 0.093531
36.818180 -0.062207 -0.283984 0.084212
37.636364 -0.048081 -0.266015 0.076802
38.454544 -0.035993 -0.245039 0.071081
39.272728 -0.025841 -0.222149 0.066832
40.090908 -0.017527 -0.198438 0.063834
40.909092 -0.010949 -0.175000 0.061872
41.727272 -0.006009 -0.152931 0.060726
42.545456 -0.002603 -0.133324 0.060177
43.363636 -0.000634 -0.117272 0.060008
44.181816 0.000000 -0.105871 0.060000
"l hand"
""
8 0.000000 0.000000 0.000000 0.000000 0.000000 0.000000
55
0.000000 2.121657 8.074426 -0.263768
0.818182 2.106543 7.681217 -0.236087
1.636364 2.113658 7.616632 -0.203099
2.454545 2.136121 7.932456 -0.164562
3.272727 2.173337 8.500628 -0.120248
4.090909 2.224689 9.199235 -0.069865
4.909091 2.290169 9.906361 -0.013083
5.727273 2.390107 10.506748 0.067161
6.545455 2.517402 10.921668 0.205942
7.363636 2.648497 11.187601 0.386246
8.181818 2.759776 11.314100 0.588206
9.000000 2.827546 11.265404 0.791815
9.818182 2.824136 11.005724 0.977085
10.636364 2.728563 10.498745 1.123897
11.454545 2.582469 9.749388 1.212391
12.272727 2.434003 8.931237 1.224340
13.090910 2.330675 8.307470 1.164241
13.909090 2.313269 7.971749 1.048206
14.727273 2.363216 7.835061 0.891135
15.545454 2.450991 7.822144 0.709068
16.363636 2.549600 7.833902 0.518657
17.181818 2.631937 7.860144 0.335643
18.000000 2.670594 7.890586 0.175818
18.818182 2.655948 7.915047 0.054962
19.636364 2.608238 7.923332 -0.021636
20.454546 2.541362 7.905283 -0.078280
21.272728 2.469176 7.850257 -0.117590
22.090908 2.405543 7.696094 -0.140489
22.909090 2.364316 7.449015 -0.147229
23.727272 2.369432 7.176765 -0.137893
24.545454 2.439321 6.947047 -0.112388
25.363636 2.521468 6.827612 -0.070934
26.181820 2.558605 6.892927 -0.001016
27.000000 2.538758 7.224864 0.106509
27.818180 2.500125 7.784333 0.239760
28.636364 2.466047 8.566141 0.386174
29.454546 2.459492 9.449430 0.534623
30.272728 2.484058 10.300477 0.673418
31.090908 2.524082 10.985598 0.790593
31.909088 2.564323 11.376287 0.874152
32.727272 2.589478 11.471392 0.912100
33.545456 2.588649 11.306630 0.896380
34.363636 2.579062 10.985473 0.844739
35.181816 2.565368 10.563889 0.765829
36.000000 2.548229 10.084695 0.665189
36.818180 2.528347 9.590721 0.548312
37.636364 2.506467 9.124804 0.420665
38.454544 2.483388 8.738661 0.287782
39.272728 2.460354 8.451357 0.155085
40.090908 2.438613 8.253314 0.027898
40.909092 2.419058 8.134866 -0.088394
41.727272 2.402400 8.086324 -0.188322
42.545456 2.389466 8.098020 -0.266442
43.363636 2.381088 8.160285 -0.317304
44.181816 2.378110 8.263446 -0.335465
55
0.000000 -0.005350 0.037021 0.057828
0.818182 -0.085638 0.054694 0.066292
1.636364 -0.140245 0.078004 0.082681
2.454545 -0.160372 0.107727 0.104989
3.272727 -0.137219 0.144646 0.131437
4.090909 -0.061984 0.184545 0.160248
4.909091 0.031426 0.219240 0.189644
5.727273 0.060015 0.247213 0.217848
6.545455 0.048504 0.267028 0.243081
7.363636 0.022391 0.277242 0.263568
8.181818 -0.015002 0.276418 0.277528
9.000000 -0.060347 0.263116 0.272429
9.818182 -0.110318 0.235897 0.244977
10.636364 -0.161589 0.192754 0.212885
11.454545 -0.236677 0.128618 0.193929
12.272727 -0.348355 0.052897 0.220461
13.090910 -0.418937 -0.021381 0.301462
13.909090 -0.360576 -0.056911 0.304006
14.727273 -0.192519 0.055146 0.263482
15.545454 -0.068004 0.224708 0.348000
16.363636 0.011572 0.331883 0.464449
17.181818 0.071839 0.288364 0.564522
18.000000 0.108521 0.212148 0.602352
18.818182 0.126753 0.138515 0.610821
19.636364 0.137073 0.076534 0.616658
20.454546 0.140398 0.035270 0.619901
21.272728 0.137621 0.032358 0.620591
22.090908 0.129632 0.098849 0.618765
22.909090 0.117321 0.188181 0.614463
23.727272 0.091723 0.238684 0.607723
24.545454 0.044575 0.205777 0.598584
25.363636 -0.005624 0.140624 0.587084
26.181820 -0.039783 0.104704 0.573264
27.000000 -0.042452 0.137414 0.557162
27.818180 -0.026048 0.197296 0.538815
28.636364 0.001793 0.272640 0.497495
29.454546 0.036335 0.355805 0.375647
30.272728 0.072840 0.439154 0.229332
31.090908 0.106571 0.515051 0.125867
31.909088 0.133862 0.577810 0.119003
32.727272 0.158320 0.627817 0.164443
33.545456 0.181213 0.649934 0.238662
34.363636 0.202950 0.616560 0.328339
35.181816 0.223940 0.526687 0.420151
36.000000 0.244595 0.424178 0.500779
36.818180 0.265323 0.346531 0.556901
37.636364 0.286536 0.279756 0.575312
38.454544 0.308642 0.219165 0.554376
39.272728 0.332052 0.165208 0.504824
40.090908 0.357176 0.118327 0.436335
40.909092 0.384423 0.078971 0.358591
41.727272 0.414205 0.047584 0.281271
42.545456 0.446932 0.024612 0.214057
43.363636 0.483011 0.010503 0.166630
44.181816 0.522854 0.005700 0.148669
"l leg"
""
8 0.000000 0.000000 0.000000 0.000000 0.000000 0.000000
55
0.000000 0.877930 4.939446 -1.041952
0.818182 0.808526 4.761447 -1.450793
1.636364 0.753864 4.751156 -1.495138
2.454545 0.748060 4.928819 -1.176500
3.272727 0.811226 5.256840 -0.500566
4.090909 0.837449 5.874101 -0.262391
4.909091 0.879333 6.507187 -0.142933
5.727273 1.008429 6.989558 0.076498
6.545455 1.152717 7.274757 -0.060365
7.363636 1.318444 7.392740 -0.271577
8.181818 1.468727 7.357942 -0.422269
9.000000 1.604476 7.106013 -0.332412
9.818182 1.705161 6.668606 -0.129658
10.636364 1.729160 6.111552 -0.135691
11.454545 1.717936 5.527529 -0.334238
12.272727 1.705515 5.046195 -0.542164
13.090910 1.691893 4.808646 -0.713995
13.909090 1.680132 4.756156 -0.757852
14.727273 1.655225 4.729224 -0.771873
15.545454 1.621266 4.716637 -0.754240
16.363636 1.584328 4.715295 -0.715237
17.181818 1.550197 4.721950 -0.664673
18.000000 1.523385 4.732910 -0.613025
18.818182 1.506784 4.743967 -0.571771
19.636364 1.502237 4.750606 -0.553104
20.454546 1.510482 4.748020 -0.568508
21.272728 1.527718 4.730022 -0.626398
22.090908 1.541978 4.661159 -0.781510
22.909090 1.557937 4.544861 -1.003837
23.727272 1.582145 4.417492 -1.220270
24.545454 1.611306 4.313184 -1.386649
25.363636 1.638186 4.265115 -1.472767
26.181820 1.654644 4.309472 -1.441037
27.000000 1.664080 4.489185 -1.217650
27.818180 1.688348 4.779473 -0.763230
28.636364 1.677985 5.227274 -0.277285
29.454546 1.590830 5.758208 0.127514
30.272728 1.438108 6.247965 0.648987
31.090908 1.253014 6.632611 0.578883
31.909088 1.096328 6.776480 0.550975
32.727272 1.001450 6.719834 0.537641
33.545456 0.974003 6.522173 0.523844
34.363636 0.955621 6.216458 0.509898
35.181816 0.960555 5.850461 0.284729
36.000000 1.004324 5.532451 -0.349514
36.818180 1.036641 5.251325 -0.812861
37.636364 1.063538 5.027486 -1.192833
38.454544 1.079374 4.852718 -1.427276
39.272728 1.086248 4.734082 -1.557305
40.090908 1.086854 4.664773 -1.616268
40.909092 1.082886 4.637563 -1.621340
41.727272 1.075384 4.644692 -1.583189
42.545456 1.065053 4.678014 -1.509592
43.363636 1.052478 4.729103 -1.407473
44.181816 1.038304 4.789382 -1.284467
55
0.000000 -0.376674 0.033692 0.040643
0.818182 -0.489681 0.064206 0.043165
1.636364 -0.503263 0.091404 0.044484
2.454545 -0.415090 0.113287 0.044029
3.272727 -0.236219 0.128948 0.043081
4.090909 -0.175148 0.138406 0.044418
4.909091 -0.144360 0.128618 0.050216
5.727273 -0.088358 0.093053 0.072028
6.545455 -0.122300 0.053650 0.106672
7.363636 -0.175314 0.032308 0.148785
8.181818 -0.213573 0.039840 0.192417
9.000000 -0.190726 0.049222 0.227948
9.818182 -0.139461 0.053934 0.249857
10.636364 -0.149011 0.051831 0.256542
11.454545 -0.227335 0.049556 0.259997
12.272727 -0.317807 0.050883 0.265407
13.090910 -0.396301 0.055574 0.271565
13.909090 -0.423516 0.062180 0.274002
14.727273 -0.433759 0.077459 0.275023
15.545454 -0.435163 0.099719 0.274793
16.363636 -0.430489 0.125505 0.273722
17.181818 -0.422278 0.151301 0.272237
18.000000 -0.413109 0.173611 0.270753
18.818182 -0.405744 0.189015 0.269682
19.636364 -0.403117 0.194138 0.269422
20.454546 -0.408138 0.186726 0.270350
21.272728 -0.423410 0.169276 0.272755
22.090908 -0.464941 0.146944 0.278827
22.909090 -0.525853 0.123564 0.288715
23.727272 -0.586399 0.101536 0.300219
24.545454 -0.633180 0.082936 0.310479
25.363636 -0.655458 0.069456 0.315933
26.181820 -0.640309 0.063364 0.312565
27.000000 -0.566806 0.064386 0.297459
27.818180 -0.429670 0.064855 0.276557
28.636364 -0.274456 0.057522 0.250401
29.454546 -0.133758 0.031790 0.212308
30.272728 0.033836 -0.005739 0.167186
31.090908 0.042705 -0.040168 0.121268
31.909088 0.041026 -0.064201 0.082666
32.727272 0.035752 -0.077780 0.059550
33.545456 0.030668 -0.081461 0.052882
34.363636 0.025792 -0.084389 0.048426
35.181816 -0.031826 -0.087061 0.045273
36.000000 -0.192836 -0.088812 0.043342
36.818180 -0.313716 -0.089081 0.042591
37.636364 -0.416470 -0.088552 0.042746
38.454544 -0.482413 -0.087910 0.043161
39.272728 -0.520197 -0.087508 0.044165
40.090908 -0.537849 -0.087394 0.045733
40.909092 -0.539775 -0.087572 0.047620
41.727272 -0.529022 -0.088035 0.049572
42.545456 -0.508061 -0.088759 0.051344
43.363636 -0.479198 -0.089698 0.052711
44.181816 -0.444888 -0.090782 0.053477
"l thigh"
""
8 0.000000 0.000000 0.000000 0.000000 0.000000 0.000000
55
0.000000 0.766114 8.767218 0.257951
0.818182 0.763314 8.395993 0.286154
1.636364 0.760071 8.346707 0.317026
2.454545 0.757023 8.666677 0.348328
3.272727 0.754419 9.223348 0.379218
4.090909 0.752525 9.890332 0.408864
4.909091 0.751606 10.541242 0.436432
5.727273 0.751557 11.049694 0.462141
6.545455 0.751557 11.297834 0.488299
7.363636 0.751557 11.346114 0.514840
8.181818 0.751557 11.239851 0.541549
9.000000 0.751557 10.979007 0.568212
9.818182 0.751557 10.563544 0.594615
10.636364 0.751557 9.992877 0.620541
11.454545 0.751557 9.349327 0.645778
12.272727 0.751557 8.791046 0.670111
13.090910 0.751557 8.477600 0.693324
13.909090 0.751557 8.398767 0.715204
14.727273 0.751557 8.362537 0.735535
15.545454 0.751557 8.357657 0.754104
16.363636 0.751557 8.374834 0.770696
17.181818 0.751557 8.404772 0.785096
18.000000 0.751557 8.438175 0.797089
18.818182 0.751557 8.465749 0.806462
19.636364 0.751557 8.478198 0.812999
20.454546 0.751557 8.466228 0.816486
21.272728 0.751557 8.420251 0.816642
22.090908 0.751572 8.279472 0.812893
22.909090 0.751608 8.048804 0.805389
23.727272 0.751660 7.794244 0.794424
24.545454 0.751722 7.581787 0.780291
25.363636 0.751788 7.477431 0.763286
26.181820 0.751851 7.553905 0.743700
27.000000 0.751910 7.891369 0.721817
27.818180 0.752212 8.425035 0.697152
28.636364 0.752877 9.064245 0.669610
29.454546 0.753849 9.718350 0.639607
30.272728 0.755070 10.296697 0.607557
31.090908 0.756482 10.708629 0.573875
31.909088 0.758029 10.868655 0.539090
32.727272 0.759679 10.818727 0.504176
33.545456 0.761396 10.622458 0.469588
34.363636 0.763146 10.317426 0.435702
35.181816 0.764897 9.941204 0.402891
36.000000 0.766619 9.531368 0.371530
36.818180 0.768286 9.125494 0.341997
37.636364 0.769868 8.761160 0.314670
38.454544 0.771018 8.484647 0.289927
39.272728 0.768014 8.307445 0.268148
40.090908 0.760725 8.214581 0.249716
40.909092 0.750327 8.191869 0.235013
41.727272 0.737998 8.225113 0.224424
42.545456 0.724933 8.300089 0.218335
43.363636 0.712341 8.402523 0.217132
44.181816 0.701447 8.518099 0.221202
55
0.000000 0.320746 0.033692 0.040643
0.818182 0.436996 0.064206 0.043165
1.636364 0.458636 0.091405 0.044484
2.454545 0.382045 0.113287 0.044029
3.272727 0.215623 0.128948 0.043081
4.090909 0.163310 0.138406 0.044418
4.909091 0.140091 0.128618 0.050216
5.727273 0.091448 0.093053 0.072028
6.545455 0.131484 0.053650 0.106672
7.363636 0.190529 0.032308 0.148785
8.181818 0.235200 0.039840 0.192417
9.000000 0.219360 0.049222 0.227948
9.818182 0.175176 0.053934 0.249857
10.636364 0.183145 0.051831 0.256542
11.454545 0.239388 0.049556 0.259997
12.272727 0.298551 0.050883 0.265407
13.090910 0.349069 0.055574 0.271565
13.909090 0.366405 0.062180 0.274002
14.727273 0.375886 0.077459 0.275023
15.545454 0.376921 0.099720 0.274793
16.363636 0.372133 0.125505 0.273722
17.181818 0.363932 0.151301 0.272237
18.000000 0.354790 0.173611 0.270753
18.818182 0.347368 0.189015 0.269682
19.636364 0.344507 0.194138 0.269422
20.454546 0.349000 0.186726 0.270350
21.272728 0.363249 0.169276 0.272755
22.090908 0.402323 0.146944 0.278827
22.909090 0.459369 0.123564 0.288715
23.727272 0.515432 0.101536 0.300219
24.545454 0.558022 0.082936 0.310479
25.363636 0.577505 0.069456 0.315933
26.181820 0.562251 0.063364 0.312565
27.000000 0.492525 0.064386 0.297459
27.818180 0.363076 0.064855 0.276557
28.636364 0.230993 0.057522 0.250401
29.454546 0.122313 0.031790 0.212308
30.272728 -0.013927 -0.005739 0.167186
31.090908 -0.005056 -0.040168 0.121268
31.909088 -0.006737 -0.064201 0.082666
32.727272 -0.012011 -0.077780 0.059550
33.545456 -0.017094 -0.081461 0.052882
34.363636 -0.021971 -0.084389 0.048426
35.181816 0.025420 -0.087061 0.045273
36.000000 0.174794 -0.088812 0.043342
36.818180 0.284577 -0.089081 0.042591
37.636364 0.376392 -0.088552 0.042746
38.454544 0.432506 -0.087910 0.043161
39.272728 0.462000 -0.087507 0.044165
40.090908 0.473122 -0.087394 0.045733
40.909092 0.470425 -0.087572 0.047620
41.727272 0.456999 -0.088035 0.049572
42.545456 0.435269 -0.088759 0.051344
43.363636 0.407430 -0.089698 0.052711
44.181816 0.375799 -0.090782 0.053477
"l upper arm"
""
8 0.000000 0.000000 0.000000 0.000000 0.000000 0.000000
55
0.000000 1.650983 12.847640 -0.706359
0.818182 1.629204 12.498332 -0.654251
1.636364 1.605391 12.473682 -0.590765
2.454545 1.579693 12.821958 -0.508730
3.272727 1.551715 13.411938 -0.395706
4.090909 1.521987 14.105572 -0.308096
4.909091 1.495117 14.766063 -0.309474
5.727273 1.473623 15.269940 -0.368706
6.545455 1.452412 15.518777 -0.390835
7.363636 1.429888 15.572561 -0.389957
8.181818 1.404788 15.476367 -0.372474
9.000000 1.376071 15.231673 -0.334117
9.818182 1.352210 14.827990 -0.304130
10.636364 1.347117 14.261323 -0.270407
11.454545 1.370942 13.612439 -0.218611
12.272727 1.402935 13.048940 -0.144871
13.090910 1.414268 12.739486 -0.069700
13.909090 1.406209 12.670608 -0.010728
14.727273 1.389760 12.646885 0.040906
15.545454 1.373954 12.653955 0.092317
16.363636 1.364940 12.680235 0.147534
17.181818 1.364623 12.715549 0.207467
18.000000 1.366884 12.751855 0.258450
18.818182 1.367552 12.781454 0.293714
19.636364 1.359717 12.798548 0.313504
20.454546 1.345570 12.792999 0.318140
21.272728 1.330156 12.752847 0.306392
22.090908 1.318127 12.614547 0.271719
22.909090 1.315523 12.380291 0.218180
23.727272 1.329052 12.113137 0.151399
24.545454 1.346364 11.886019 0.086754
25.363636 1.369076 11.772404 0.077027
26.181820 1.392334 11.841596 0.082336
27.000000 1.406273 12.170421 0.045543
27.818180 1.405897 12.691355 -0.061092
28.636364 1.397560 13.311823 -0.205675
29.454546 1.385175 13.947008 -0.340277
30.272728 1.364875 14.512859 -0.451901
31.090908 1.345157 14.918867 -0.533341
31.909088 1.331448 15.079805 -0.580926
32.727272 1.326471 15.037336 -0.593232
33.545456 1.331292 14.850479 -0.582351
34.363636 1.345897 14.551984 -0.562521
35.181816 1.365490 14.177662 -0.547368
36.000000 1.392269 13.764091 -0.537080
36.818180 1.427925 13.348411 -0.529737
37.636364 1.471931 12.968302 -0.524719
38.454544 1.516913 12.670668 -0.536327
39.272728 1.559142 12.470001 -0.570090
40.090908 1.598712 12.352515 -0.619156
40.909092 1.635572 12.304534 -0.675966
41.727272 1.668775 12.313223 -0.732907
42.545456 1.696288 12.366940 -0.782480
43.363636 1.715189 12.455116 -0.817415
44.181816 1.722182 12.567671 -0.830634
55
0.000000 -0.329734 0.254009 0.081902
0.818182 -0.304835 0.262723 0.083162
1.636364 -0.278200 0.270475 0.089933
2.454545 -0.250656 0.277958 0.101081
3.272727 -0.221853 0.285317 0.117339
4.090909 -0.211706 0.291393 0.135615
4.909091 -0.240660 0.294818 0.151645
5.727273 -0.303608 0.293867 0.170599
6.545455 -0.390811 0.286636 0.197973
7.363636 -0.486673 0.270314 0.231272
8.181818 -0.577769 0.244924 0.267206
9.000000 -0.653761 0.211529 0.300821
9.818182 -0.716717 0.172849 0.320187
10.636364 -0.759157 0.129305 0.313842
11.454545 -0.749108 0.016418 0.305313
12.272727 -0.680216 -0.155228 0.303257
13.090910 -0.567654 -0.293840 0.294290
13.909090 -0.428667 -0.316791 0.271274
14.727273 -0.328826 -0.214597 0.245122
15.545454 -0.272674 -0.081609 0.237060
16.363636 -0.213028 -0.024399 0.249061
17.181818 -0.153019 -0.049745 0.264095
18.000000 -0.101009 -0.065770 0.268465
18.818182 -0.065471 -0.069510 0.263056
19.636364 -0.043263 -0.065583 0.253888
20.454546 -0.028146 -0.057243 0.242985
21.272728 -0.019872 -0.046880 0.231891
22.090908 -0.019737 -0.036973 0.222124
22.909090 -0.028405 -0.029872 0.214949
23.727272 -0.044870 -0.030935 0.213489
24.545454 -0.055192 -0.045582 0.223540
25.363636 -0.050175 -0.058937 0.234819
26.181820 -0.057635 -0.055602 0.238113
27.000000 -0.096312 -0.031508 0.233043
27.818180 -0.174557 0.011661 0.226232
28.636364 -0.318170 0.062573 0.221280
29.454546 -0.468681 0.111790 0.220593
30.272728 -0.605310 0.154155 0.226872
31.090908 -0.720517 0.190137 0.236422
31.909088 -0.806127 0.220253 0.245130
32.727272 -0.853301 0.249038 0.246391
33.545456 -0.858894 0.276498 0.236505
34.363636 -0.843010 0.273948 0.235220
35.181816 -0.813894 0.237576 0.244132
36.000000 -0.777548 0.192215 0.250725
36.818180 -0.737132 0.159052 0.247630
37.636364 -0.694314 0.156925 0.232233
38.454544 -0.653337 0.202790 0.206094
39.272728 -0.616415 0.260996 0.180608
40.090908 -0.582896 0.288764 0.163268
40.909092 -0.553596 0.281964 0.152747
41.727272 -0.530232 0.261443 0.145005
42.545456 -0.513446 0.235904 0.139390
43.363636 -0.503372 0.214201 0.135869
44.181816 -0.499862 0.204997 0.134653
