// MilkShape 3D ASCII

Frames: 1
Frame: 1

Meshes: 18
"Pelvis" 0 0
52
0 1.080000 -1.050000 1.140000 0.443359 0.501953 2
0 0.370000 -1.480000 1.110000 0.431641 0.501953 2
0 0.000000 -1.090000 1.460000 0.423828 0.501953 2
0 -0.360000 -1.480000 1.110000 0.416016 0.501953 2
0 -1.070000 -1.050000 1.140000 0.404297 0.501953 2
0 1.970000 -1.370000 0.090000 0.462891 0.865234 2
0 1.240000 -1.480000 -0.970000 0.443359 0.865234 2
0 1.190000 -1.210000 -0.820000 0.443359 0.861328 2
0 -1.960000 -1.370000 0.090000 0.353516 0.873047 2
0 -1.600000 -1.010000 0.240000 0.361328 0.869141 2
0 -1.180000 -1.210000 -0.820000 0.373047 0.873047 2
0 0.000000 -1.250000 -0.840000 0.423828 0.509766 2
0 -1.180000 -1.210000 -0.820000 0.404297 0.509766 2
0 -0.350000 -1.480000 -0.610000 0.416016 0.509766 2
0 0.360000 -1.480000 -0.610000 0.431641 0.509766 2
0 1.190000 -1.210000 -0.820000 0.443359 0.509766 2
0 1.970000 -1.370000 0.090000 0.462891 0.873047 2
0 1.610000 -1.010000 0.240000 0.455078 0.869141 2
0 1.080000 -1.050000 1.140000 0.439453 0.869141 2
0 -1.310000 -1.370000 1.360000 0.369141 0.873047 2
0 -1.070000 -1.050000 1.140000 0.376953 0.869141 2
0 0.000000 -1.500000 -1.080000 0.408203 0.865234 2
0 0.000000 -1.250000 -0.840000 0.408203 0.861328 2
0 -1.230000 -1.480000 -0.970000 0.373047 0.865234 2
0 -1.180000 -1.210000 -0.820000 0.373047 0.861328 2
0 0.000000 -1.370000 1.710000 0.408203 0.873047 2
0 0.000000 -1.090000 1.460000 0.408203 0.869141 2
0 1.320000 -1.370000 1.360000 0.447266 0.873047 2
0 0.000000 -1.580000 0.170000 0.423828 0.505859 2
0 0.000000 -1.210000 1.090000 0.423828 0.501953 2
0 1.190000 -1.210000 -0.820000 0.443359 0.873047 2
0 -1.960000 -1.370000 0.090000 0.353516 0.865234 2
0 -1.690000 -0.100000 0.000000 0.701172 0.904297 2
0 -1.960000 -1.370000 0.090000 0.701172 0.994141 2
0 -1.230000 -1.480000 -0.970000 0.626953 0.994141 2
0 1.300000 0.190000 1.090000 0.494141 0.373047 2
0 1.320000 -1.370000 1.360000 0.494141 0.494141 2
0 0.000000 -1.370000 1.710000 0.439453 0.494141 2
0 -1.310000 -1.370000 1.360000 0.376953 0.494141 2
0 -1.290000 0.190000 1.090000 0.376953 0.373047 2
0 1.700000 -0.100000 0.000000 0.701172 0.904297 2
0 1.970000 -1.370000 0.090000 0.701172 0.994141 2
0 1.320000 -1.370000 1.360000 0.744141 0.994141 2
0 1.240000 -1.480000 -0.970000 0.626953 0.994141 2
0 -1.310000 -1.370000 1.360000 0.744141 0.994141 2
0 1.200000 -0.400000 -0.900000 0.626953 0.919922 2
0 -1.190000 -0.400000 -0.900000 0.626953 0.919922 2
0 0.000000 -0.500000 -1.000000 0.470703 0.919922 2
0 0.000000 -1.500000 -1.080000 0.470703 0.994141 2
0 1.300000 0.190000 1.090000 0.744141 0.880859 2
0 0.000000 0.290000 1.490000 0.439453 0.373047 2
0 -1.290000 0.190000 1.090000 0.744141 0.884766 2
52
-0.263841 0.493467 -0.828781
0.339576 0.776717 -0.530471
-0.002606 0.761565 -0.648083
-0.347734 0.774219 -0.528835
0.265714 0.496394 -0.826431
0.720313 0.434001 -0.541103
0.423914 0.498570 -0.756125
0.279221 0.581613 -0.764043
-0.693928 0.705128 0.145802
-0.715613 0.697079 0.044483
-0.577162 0.729824 -0.366389
0.000103 0.688705 0.725042
0.035449 0.679176 0.733119
0.012445 0.834899 0.550262
-0.012338 0.834759 0.550477
-0.035141 0.678633 0.733637
0.693929 0.705127 0.145802
0.715614 0.697078 0.044484
0.457697 0.666723 0.588212
-0.435913 0.708492 0.554995
-0.458377 0.666617 0.587803
-0.000115 0.598641 -0.801017
0.000047 0.692532 -0.721387
-0.424163 0.498549 -0.755999
-0.279374 0.581613 -0.763987
-0.000770 0.664821 0.747002
-0.000883 0.666016 0.745937
0.435344 0.708429 0.555521
-0.004130 0.981992 -0.188877
-0.006480 0.939999 -0.341117
0.577163 0.729823 -0.366390
-0.720312 0.434004 -0.541102
0.987013 -0.136303 0.085007
0.976531 -0.202388 0.073664
0.512634 -0.095621 0.853266
-0.276748 -0.146807 -0.949662
-0.252646 -0.168153 -0.952835
0.001021 -0.152781 -0.988260
0.254449 -0.168094 -0.952365
0.278710 -0.146734 -0.949099
-0.987013 -0.136303 0.085007
-0.976531 -0.202389 0.073664
-0.910390 -0.143265 -0.388157
-0.512344 -0.095633 0.853439
0.910389 -0.143264 -0.388158
-0.530779 -0.074378 0.844240
0.531052 -0.074376 0.844069
0.000337 -0.073646 0.997284
0.000352 -0.079745 0.996815
-0.942340 -0.068767 -0.327517
0.001110 -0.131381 -0.991331
0.942339 -0.068766 -0.327518
42
0 0 1 2 0 1 2 1
0 2 3 4 2 3 4 1
0 5 6 7 5 6 7 1
0 8 9 10 8 9 10 1
0 11 12 13 11 12 13 1
0 14 15 11 14 15 11 1
0 16 17 18 16 17 18 1
0 8 19 20 8 19 20 1
0 21 22 7 21 22 7 1
0 21 23 24 21 23 24 1
0 25 26 20 25 26 20 1
0 25 27 18 25 27 18 1
0 28 3 29 28 3 29 1
0 13 14 11 13 14 11 1
0 2 29 3 2 29 3 1
0 1 29 2 1 29 2 1
0 13 28 14 13 28 14 1
0 29 1 28 29 1 28 1
0 30 17 16 30 17 16 1
0 18 27 16 18 27 16 1
0 7 6 21 7 6 21 1
0 24 22 21 24 22 21 1
0 24 23 31 24 23 31 1
0 20 9 8 20 9 8 1
0 20 19 25 20 19 25 1
0 18 26 25 18 26 25 1
0 32 33 34 32 33 34 1
0 35 36 37 35 36 37 1
0 37 38 39 37 38 39 1
0 40 41 42 40 41 42 1
0 43 41 40 43 41 40 1
0 44 33 32 44 33 32 1
0 43 40 45 43 40 45 1
0 46 32 34 46 32 34 1
0 47 48 43 47 48 43 1
0 34 48 47 34 48 47 1
0 43 45 47 43 45 47 1
0 47 46 34 47 46 34 1
0 42 49 40 42 49 40 1
0 39 50 37 39 50 37 1
0 37 50 35 37 50 35 1
0 32 51 44 32 51 44 1
"R upper arm" 0 0
26
0 -0.360000 -1.480000 1.110000 0.255859 0.513672 2
0 0.500000 -1.550000 0.800000 0.255859 0.560547 7
0 -0.410000 -0.350000 0.810000 0.283203 0.521484 7
0 -0.500000 -4.020000 0.740000 0.283203 0.642578 7
0 -0.500000 -4.020000 -0.790000 0.369141 0.642578 7
0 0.330000 -4.020000 -0.790000 0.396484 0.642578 7
0 0.400000 -1.510000 -1.060000 0.396484 0.560547 7
0 0.670000 -1.580000 -0.110000 0.427734 0.560547 7
0 0.730000 -4.020000 -0.060000 0.431641 0.642578 7
0 0.380000 -4.020000 0.740000 0.458984 0.642578 7
0 -0.360000 -0.570000 -1.000000 0.373047 0.529297 7
0 -0.350000 -1.480000 -0.610000 0.396484 0.517578 2
0 0.000000 -1.580000 0.170000 0.431641 0.517578 2
0 0.500000 -1.550000 0.800000 0.462891 0.560547 7
0 -0.360000 -1.480000 1.110000 0.462891 0.513672 2
0 -1.070000 -1.050000 1.140000 0.279297 0.501953 2
0 -0.410000 -0.350000 0.810000 0.287109 0.521484 7
0 -0.830000 -0.250000 -0.050000 0.326172 0.517578 7
0 -0.360000 -0.570000 -1.000000 0.369141 0.529297 7
0 -1.180000 -1.210000 -0.820000 0.369141 0.505859 2
0 -0.910000 -4.020000 -0.060000 0.322266 0.642578 7
0 -0.500000 -4.020000 -0.790000 0.365234 0.642578 7
0 0.380000 -4.020000 0.740000 0.259766 0.642578 7
0 0.330000 -4.020000 -0.790000 0.400391 0.642578 7
0 -0.350000 -1.480000 -0.610000 0.400391 0.513672 2
0 -1.600000 -1.010000 0.240000 0.322266 0.501953 2
26
0.272571 0.258221 0.926837
0.302012 0.250074 -0.919919
0.485925 0.465346 0.739818
0.345319 0.011424 -0.938416
0.072762 0.080842 0.994068
0.000000 0.106953 0.994264
-0.496947 -0.738255 0.456096
-0.790632 -0.610042 0.052437
-0.998730 -0.023647 0.044499
-0.955445 0.010800 -0.294972
-0.237251 -0.667067 -0.706211
-0.203927 -0.387675 -0.898956
-0.022423 -0.999711 -0.008694
-0.740236 -0.662185 -0.116456
-0.011107 -0.997290 0.072727
-0.372547 0.660528 0.651853
0.810419 0.466025 -0.355024
-0.253364 0.965829 -0.054591
0.845481 0.432256 0.313554
-0.520724 0.347667 -0.779727
0.999803 -0.015963 0.011814
0.871881 -0.005573 0.489686
0.000000 0.024284 -0.999705
-0.924225 0.022555 0.381180
-0.092054 -0.992007 -0.086305
-0.705052 0.709074 -0.010751
24
0 0 1 2 0 1 2 1
0 2 1 3 2 1 3 1
0 4 5 6 4 5 6 1
0 7 8 9 7 8 9 1
0 10 4 6 10 4 6 1
0 6 11 10 6 11 10 1
0 6 7 12 6 7 12 1
0 7 13 14 7 13 14 1
0 15 16 17 15 16 17 1
0 17 18 19 17 18 19 1
0 20 21 18 20 21 18 1
0 16 3 20 16 3 20 1
0 1 22 3 1 22 3 1
0 2 15 0 2 15 0 1
0 9 13 7 9 13 7 1
0 7 6 23 7 6 23 1
0 12 24 6 12 24 6 1
0 23 8 7 23 8 7 1
0 14 12 7 14 12 7 1
0 19 25 17 19 25 17 1
0 20 17 16 20 17 16 1
0 10 11 19 10 11 19 1
0 17 25 15 17 25 15 1
0 18 17 20 18 17 20 1
"R lower leg" 0 0
32
0 0.390000 -0.630000 -0.750000 0.400391 0.677734 6
0 0.780000 -0.950000 -0.010000 0.427734 0.693359 6
0 0.730000 -4.020000 -0.060000 0.431641 0.638672 7
0 0.390000 -1.250000 0.860000 0.462891 0.708984 6
0 0.380000 -4.020000 0.740000 0.458984 0.638672 7
0 0.710000 -3.670000 -1.150000 0.396484 0.853516 6
0 1.310000 -3.670000 -0.040000 0.427734 0.841797 6
0 1.060000 -2.900000 -0.020000 0.427734 0.798828 6
0 0.390000 -1.250000 0.860000 0.255859 0.708984 6
0 -0.630000 -1.250000 0.860000 0.279297 0.708984 6
0 -0.500000 -4.020000 0.740000 0.275391 0.638672 7
0 0.390000 -0.630000 -0.750000 0.396484 0.677734 6
0 -0.530000 -0.660000 -0.750000 0.369141 0.677734 6
0 -0.900000 -3.670000 -1.150000 0.365234 0.853516 6
0 -0.630000 -1.250000 0.860000 0.283203 0.708984 6
0 -0.990000 -0.940000 -0.010000 0.330078 0.693359 6
0 -0.910000 -4.020000 -0.060000 0.322266 0.638672 7
0 -1.200000 -2.820000 -0.010000 0.330078 0.794922 6
0 -1.480000 -3.670000 -0.040000 0.330078 0.841797 6
0 -0.900000 -3.670000 -1.150000 0.369141 0.841797 6
0 -0.530000 -0.660000 -0.750000 0.361328 0.677734 6
0 -0.500000 -4.020000 -0.790000 0.361328 0.638672 7
0 0.330000 -4.020000 -0.790000 0.396484 0.638672 7
0 -0.900000 -3.920000 1.240000 0.283203 0.853516 6
0 0.380000 -4.020000 0.740000 0.255859 0.638672 7
0 0.550000 -3.920000 1.240000 0.462891 0.853516 6
0 -0.500000 -4.020000 -0.790000 0.369141 0.638672 7
0 -0.500000 -4.020000 0.740000 0.283203 0.638672 7
0 0.710000 -3.670000 -1.150000 0.400391 0.853516 6
0 0.390000 -1.250000 0.860000 0.251953 0.708984 6
0 0.550000 -3.920000 1.240000 0.251953 0.853516 6
0 0.330000 -4.020000 -0.790000 0.400391 0.638672 7
31
-0.153607 -0.880848 -0.447785
0.097402 -0.941573 -0.322417
0.979560 -0.013868 -0.200675
0.168270 -0.952698 -0.253084
0.915455 -0.021064 0.401869
-0.880986 -0.216756 0.420572
-0.950583 -0.307522 -0.042678
-0.975778 -0.210308 0.060233
0.000000 -0.220179 0.975460
0.000000 -0.998799 0.048999
0.000000 -0.043322 0.999061
0.003871 -0.247342 0.968920
0.003870 -0.106928 -0.994259
0.002156 -0.131354 0.991333
-0.890254 -0.233881 0.390829
0.853249 -0.365983 -0.371513
-0.998055 -0.030236 -0.054510
0.971891 -0.202869 0.119462
0.949782 -0.312909 0.001135
0.885910 -0.228626 0.403601
0.188604 -0.846084 -0.498568
-0.871893 -0.001984 -0.489693
-0.000193 0.011888 -0.999929
0.636432 -0.190142 -0.747530
0.000000 -0.043322 0.999061
-0.863539 -0.163678 -0.476980
0.000000 0.011937 -0.999929
-0.888250 -0.061483 0.455228
0.000000 -0.130455 0.991454
0.000000 -0.140902 -0.990023
0.876934 -0.009790 -0.480512
28
0 0 1 2 0 1 2 1
0 1 3 4 1 3 4 1
0 5 6 7 5 6 7 1
0 8 9 10 8 9 10 1
0 11 12 13 11 12 13 1
0 14 15 16 14 15 16 1
0 17 18 19 17 18 19 1
0 20 21 16 20 21 16 1
0 12 11 22 12 11 22 1
0 15 14 23 15 14 23 1
0 23 9 8 23 9 8 1
0 10 24 8 10 24 8 1
0 7 6 25 7 6 25 1
0 22 26 12 22 26 12 1
0 16 27 14 16 27 14 1
0 16 15 20 16 15 20 1
0 7 1 0 7 1 0 1
0 25 3 1 25 3 1 1
0 20 15 17 20 15 17 1
0 23 18 17 23 18 17 1
0 0 5 7 0 5 7 1
0 17 19 20 17 19 20 1
0 23 17 15 23 17 15 1
0 1 7 25 1 7 25 1
0 13 28 11 13 28 11 1
0 29 30 23 29 29 23 1
0 2 31 0 2 30 0 1
0 4 2 1 4 2 1 1
"R foot" 0 0
48
0 -1.000000 -1.420000 -1.010000 0.376953 0.994141 4
0 -1.100000 -0.430000 -1.160000 0.384766 0.947266 4
0 -1.010000 -0.680000 -0.040000 0.310547 0.947266 4
0 0.540000 -3.920000 1.240000 0.255859 0.857422 6
0 0.480000 -0.790000 0.990000 0.255859 0.873047 4
0 -0.680000 -0.790000 0.990000 0.294922 0.873047 4
0 -0.900000 -3.670000 -1.150000 0.306641 0.853516 6
0 -1.100000 -0.430000 -1.160000 0.306641 0.873047 4
0 -0.120000 0.000000 -1.530000 0.279297 0.869141 4
0 -0.680000 -0.790000 0.990000 0.251953 0.966797 4
0 0.480000 -0.790000 0.990000 0.251953 0.962891 4
0 0.140000 -1.420000 0.880000 0.255859 0.994141 4
0 0.700000 -0.660000 -0.090000 0.310547 0.947266 4
0 -0.900000 -3.920000 1.240000 0.306641 0.857422 6
0 -1.000000 -1.420000 -1.010000 0.380859 0.912109 4
0 -0.460000 -1.420000 0.880000 0.380859 0.876953 4
0 0.140000 -1.420000 0.880000 0.349609 0.876953 4
0 -0.660000 -0.450000 -2.500000 0.462891 0.947266 4
0 -0.710000 -1.420000 -2.220000 0.462891 0.994141 4
0 -0.660000 -0.450000 -2.500000 0.388672 0.947266 4
0 0.380000 -0.450000 -2.500000 0.458984 0.947266 4
0 -0.120000 0.070000 -2.010000 0.423828 0.927734 4
0 0.380000 -0.450000 -2.500000 0.462891 0.947266 4
0 0.330000 -1.420000 -2.220000 0.462891 0.994141 4
0 0.640000 -1.420000 -1.010000 0.376953 0.994141 4
0 0.330000 -1.420000 -2.220000 0.349609 0.943359 4
0 -0.710000 -1.420000 -2.220000 0.380859 0.943359 4
0 0.700000 -0.430000 -1.160000 0.384766 0.947266 4
0 0.700000 -0.430000 -1.160000 0.458984 0.876953 4
0 -0.120000 0.000000 -1.530000 0.423828 0.876953 4
0 1.310000 -3.670000 -0.040000 0.427734 0.853516 6
0 0.710000 -3.670000 -1.150000 0.396484 0.853516 6
0 0.700000 -0.430000 -1.160000 0.396484 0.873047 4
0 -1.480000 -3.670000 -0.040000 0.330078 0.853516 6
0 -0.900000 -3.920000 1.240000 0.283203 0.857422 6
0 -0.680000 -0.790000 0.990000 0.287109 0.873047 4
0 -1.100000 -0.430000 -1.160000 0.388672 0.876953 4
0 0.710000 -3.670000 -1.150000 0.251953 0.853516 6
0 0.700000 -0.430000 -1.160000 0.251953 0.873047 4
0 0.480000 -0.790000 0.990000 0.458984 0.873047 4
0 0.540000 -3.920000 1.240000 0.462891 0.857422 6
0 -1.010000 -0.680000 -0.040000 0.326172 0.873047 4
0 0.700000 -0.660000 -0.090000 0.427734 0.873047 4
0 -1.100000 -0.430000 -1.160000 0.369141 0.873047 4
0 -0.900000 -3.670000 -1.150000 0.369141 0.853516 6
0 -0.680000 -0.790000 0.990000 0.251953 0.962891 4
0 -0.460000 -1.420000 0.880000 0.255859 0.994141 4
0 0.640000 -1.420000 -1.010000 0.345703 0.912109 4
40
0.986179 0.155287 0.057769
0.984927 0.118569 0.125938
0.943710 0.269747 -0.191438
0.000000 0.079696 0.996819
-0.174711 -0.064660 -0.982494
-0.343806 -0.024184 -0.938729
0.023440 -0.045231 -0.998702
0.000000 0.172001 -0.985097
-0.558560 0.425741 -0.711868
-0.560089 0.377649 -0.737347
-0.943363 0.310473 -0.116930
0.000000 1.000000 0.000000
0.774506 0.176500 0.607444
0.399802 0.235125 0.885931
0.314630 -0.803276 0.505723
-0.348393 -0.798147 0.491512
-0.026690 -0.979634 0.199009
-0.608388 0.242338 0.755736
-0.603341 0.249724 0.757376
-0.984403 0.163662 0.064546
-0.989366 0.078513 0.122434
-0.532255 -0.846441 0.015563
-0.031552 -0.989040 -0.144235
0.988910 0.122975 0.083271
0.879697 0.001203 -0.475533
0.968632 0.104393 -0.225507
-0.990217 0.091675 0.105197
-0.899292 0.097313 0.426385
-0.920125 0.122565 0.371951
0.477559 -0.877935 0.034166
0.210231 -0.053597 -0.976182
0.410584 -0.001617 -0.911821
0.917287 0.129720 0.376507
0.850411 0.058098 0.522901
-0.964589 0.151613 0.215827
0.971187 0.199001 0.131131
-0.981651 0.051642 -0.183560
-0.884941 -0.056077 -0.462315
0.899687 0.357835 -0.250034
0.720627 0.351959 -0.597345
36
0 0 1 2 0 1 2 1
0 3 4 5 3 3 3 1
0 6 7 8 4 5 6 1
0 9 10 11 7 8 9 1
0 11 10 12 9 8 10 1
0 5 13 3 3 3 3 1
0 14 15 16 11 11 11 1
0 17 0 18 12 0 13 1
0 17 1 0 12 1 0 1
0 19 20 21 14 15 16 1
0 22 23 24 17 18 19 1
0 25 26 14 11 11 11 1
0 24 27 22 19 20 17 1
0 21 28 29 16 21 22 1
0 30 31 32 23 24 25 1
0 33 34 35 26 27 28 1
0 12 27 24 10 20 19 1
0 20 28 21 15 21 16 1
0 36 19 21 29 14 16 1
0 21 29 36 16 22 29 1
0 8 37 6 6 30 4 1
0 8 38 37 6 31 30 1
0 39 40 30 32 33 23 1
0 33 35 41 26 28 34 1
0 42 39 30 35 32 23 1
0 43 44 33 36 37 26 1
0 41 43 33 34 36 26 1
0 2 45 46 2 38 39 1
0 46 0 2 39 0 2 1
0 30 32 42 23 25 35 1
0 12 24 11 10 19 9 1
0 18 23 22 13 18 17 1
0 22 17 18 17 12 13 1
0 14 47 25 11 11 11 1
0 16 47 14 11 11 11 1
0 11 46 9 9 39 7 1
"L upper leg" 0 0
26
0 0.420000 -0.350000 0.810000 0.283203 0.521484 14
0 -0.490000 -1.550000 0.800000 0.255859 0.560547 14
0 0.370000 -1.480000 1.110000 0.255859 0.513672 2
0 0.510000 -4.020000 0.740000 0.283203 0.642578 14
0 -0.390000 -1.510000 -1.060000 0.396484 0.560547 14
0 -0.320000 -4.020000 -0.790000 0.396484 0.642578 14
0 0.510000 -4.020000 -0.790000 0.369141 0.642578 14
0 -0.370000 -4.020000 0.740000 0.458984 0.642578 14
0 -0.720000 -4.020000 -0.060000 0.431641 0.642578 14
0 -0.660000 -1.580000 -0.110000 0.427734 0.560547 14
0 0.370000 -0.570000 -1.000000 0.373047 0.529297 14
0 0.360000 -1.480000 -0.610000 0.396484 0.517578 2
0 -0.000000 -1.580000 0.170000 0.431641 0.517578 2
0 0.370000 -1.480000 1.110000 0.462891 0.513672 2
0 -0.490000 -1.550000 0.800000 0.462891 0.560547 14
0 0.840000 -0.250000 -0.050000 0.326172 0.517578 14
0 0.420000 -0.350000 0.810000 0.287109 0.521484 14
0 1.080000 -1.050000 1.140000 0.279297 0.501953 2
0 1.190000 -1.210000 -0.820000 0.369141 0.505859 2
0 0.370000 -0.570000 -1.000000 0.369141 0.529297 14
0 0.510000 -4.020000 -0.790000 0.365234 0.642578 14
0 0.920000 -4.020000 -0.060000 0.322266 0.642578 14
0 -0.370000 -4.020000 0.740000 0.259766 0.642578 14
0 -0.320000 -4.020000 -0.790000 0.400391 0.642578 14
0 0.360000 -1.480000 -0.610000 0.400391 0.513672 2
0 1.610000 -1.010000 0.240000 0.322266 0.501953 2
26
-0.486146 0.465492 0.739580
-0.302122 0.250155 -0.919861
-0.272734 0.258339 0.926756
-0.345319 0.011424 -0.938416
0.496757 -0.738178 0.456427
0.000000 0.106953 0.994264
-0.072762 0.080841 0.994068
0.955445 0.010800 -0.294972
0.998730 -0.023647 0.044499
0.790576 -0.610101 0.052604
0.237669 -0.667128 -0.706012
0.204162 -0.387734 -0.898877
0.021968 -0.999726 -0.008126
0.010512 -0.997272 0.073056
0.740166 -0.662265 -0.116440
0.253133 0.965859 -0.055142
-0.810373 0.466137 -0.354982
0.372337 0.660873 0.651622
0.520634 0.347429 -0.779893
-0.845515 0.432139 0.313624
-0.871881 -0.005574 0.489686
-0.999803 -0.015963 0.011814
0.000000 0.024284 -0.999705
0.924225 0.022555 0.381181
0.091273 -0.992163 -0.085335
0.704884 0.709230 -0.011448
24
0 0 1 2 0 1 2 1
0 3 1 0 3 1 0 1
0 4 5 6 4 5 6 1
0 7 8 9 7 8 9 1
0 4 6 10 4 6 10 1
0 10 11 4 10 11 4 1
0 12 9 4 12 9 4 1
0 13 14 9 13 14 9 1
0 15 16 17 15 16 17 1
0 18 19 15 18 19 15 1
0 19 20 21 19 20 21 1
0 21 3 16 21 3 16 1
0 3 22 1 3 22 1 1
0 2 17 0 2 17 0 1
0 9 14 7 9 14 7 1
0 23 4 9 23 4 9 1
0 4 24 12 4 24 12 1
0 9 8 23 9 8 23 1
0 9 12 13 9 12 13 1
0 15 25 18 15 25 18 1
0 16 15 21 16 15 21 1
0 18 11 10 18 11 10 1
0 17 25 15 17 25 15 1
0 21 15 19 21 15 19 1
"L lower leg" 0 0
32
0 -0.720000 -4.020000 -0.060000 0.431641 0.638672 14
0 -0.770000 -0.950000 -0.010000 0.427734 0.693359 13
0 -0.380000 -0.630000 -0.750000 0.400391 0.677734 13
0 -0.370000 -4.020000 0.740000 0.458984 0.638672 14
0 -0.380000 -1.250000 0.860000 0.462891 0.708984 13
0 -1.050000 -2.900000 -0.020000 0.427734 0.798828 13
0 -1.300000 -3.670000 -0.040000 0.427734 0.841797 13
0 -0.700000 -3.670000 -1.150000 0.396484 0.853516 13
0 0.510000 -4.020000 0.740000 0.275391 0.638672 14
0 0.640000 -1.250000 0.860000 0.279297 0.708984 13
0 -0.380000 -1.250000 0.860000 0.255859 0.708984 13
0 0.910000 -3.670000 -1.150000 0.365234 0.853516 13
0 0.540000 -0.660000 -0.750000 0.369141 0.677734 13
0 -0.380000 -0.630000 -0.750000 0.396484 0.677734 13
0 0.920000 -4.020000 -0.060000 0.322266 0.638672 14
0 1.000000 -0.940000 -0.010000 0.330078 0.693359 13
0 0.640000 -1.250000 0.860000 0.283203 0.708984 13
0 0.910000 -3.670000 -1.150000 0.369141 0.841797 13
0 1.490000 -3.670000 -0.040000 0.330078 0.841797 13
0 1.210000 -2.820000 -0.010000 0.330078 0.794922 13
0 0.510000 -4.020000 -0.790000 0.361328 0.638672 14
0 0.540000 -0.660000 -0.750000 0.361328 0.677734 13
0 -0.320000 -4.020000 -0.790000 0.396484 0.638672 14
0 0.910000 -3.920000 1.240000 0.283203 0.853516 13
0 -0.370000 -4.020000 0.740000 0.255859 0.638672 14
0 -0.540000 -3.920000 1.240000 0.462891 0.853516 13
0 0.510000 -4.020000 -0.790000 0.369141 0.638672 14
0 0.510000 -4.020000 0.740000 0.283203 0.638672 14
0 -0.700000 -3.670000 -1.150000 0.400391 0.853516 13
0 -0.540000 -3.920000 1.240000 0.251953 0.853516 13
0 -0.380000 -1.250000 0.860000 0.251953 0.708984 13
0 -0.320000 -4.020000 -0.790000 0.400391 0.638672 14
30
-0.979559 -0.013893 -0.200677
-0.097382 -0.941584 -0.322392
0.153602 -0.880863 -0.447757
-0.915457 -0.021099 0.401863
-0.168252 -0.952699 -0.253092
0.975778 -0.210308 0.060233
0.950583 -0.307522 -0.042678
0.880986 -0.216756 0.420572
0.000000 -0.043339 0.999060
0.000000 -0.998799 0.048990
0.000000 -0.220211 0.975452
-0.002156 -0.131354 0.991333
-0.003870 -0.106903 -0.994262
-0.003871 -0.247330 0.968924
0.998056 -0.030207 -0.054505
-0.853267 -0.365946 -0.371509
0.890260 -0.233845 0.390837
-0.885910 -0.228626 0.403601
-0.949782 -0.312909 0.001135
-0.971891 -0.202869 0.119462
0.871893 -0.001955 -0.489692
-0.188618 -0.846046 -0.498628
0.000193 0.011901 -0.999929
-0.636432 -0.190142 -0.747530
0.863539 -0.163678 -0.476980
0.000000 0.011950 -0.999929
0.888251 -0.061464 0.455228
0.000000 -0.130455 0.991454
0.000000 -0.140902 -0.990023
-0.876933 -0.009808 -0.480512
28
0 0 1 2 0 1 2 1
0 3 4 1 3 4 1 1
0 5 6 7 5 6 7 1
0 8 9 10 8 9 10 1
0 11 12 13 11 12 13 1
0 14 15 16 14 15 16 1
0 17 18 19 17 18 19 1
0 14 20 21 14 20 21 1
0 22 13 12 22 13 12 1
0 23 16 15 23 16 15 1
0 10 9 23 10 9 23 1
0 10 24 8 10 8 8 1
0 25 6 5 24 6 5 1
0 12 26 22 12 25 22 1
0 16 27 14 16 26 14 1
0 21 15 14 21 15 14 1
0 2 1 5 2 1 5 1
0 1 4 25 1 4 24 1
0 19 15 21 19 15 21 1
0 19 18 23 19 18 23 1
0 5 7 2 5 7 2 1
0 21 17 19 21 17 19 1
0 15 19 23 15 19 23 1
0 25 5 1 24 5 1 1
0 13 28 11 13 27 11 1
0 23 29 30 23 28 28 1
0 2 31 0 2 29 0 1
0 1 0 3 1 0 3 1
"L foot" 0 0
48
0 1.020000 -0.680000 -0.040000 0.310547 0.947266 11
0 1.110000 -0.430000 -1.160000 0.384766 0.947266 11
0 1.010000 -1.420000 -1.010000 0.376953 0.994141 11
0 0.690000 -0.790000 0.990000 0.294922 0.873047 11
0 -0.470000 -0.790000 0.990000 0.255859 0.873047 11
0 -0.540000 -3.920000 1.240000 0.255859 0.857422 13
0 0.130000 0.000000 -1.530000 0.279297 0.869141 11
0 1.110000 -0.430000 -1.160000 0.306641 0.873047 11
0 0.910000 -3.670000 -1.150000 0.306641 0.853516 13
0 -0.130000 -1.420000 0.880000 0.255859 0.994141 11
0 -0.470000 -0.790000 0.990000 0.251953 0.962891 11
0 0.690000 -0.790000 0.990000 0.251953 0.966797 11
0 -0.690000 -0.660000 -0.090000 0.310547 0.947266 11
0 0.900000 -3.920000 1.240000 0.306641 0.857422 13
0 -0.130000 -1.420000 0.880000 0.349609 0.876953 11
0 0.470000 -1.420000 0.880000 0.380859 0.876953 11
0 1.010000 -1.420000 -1.010000 0.380859 0.912109 11
0 0.720000 -1.420000 -2.220000 0.462891 0.994141 11
0 0.670000 -0.450000 -2.500000 0.462891 0.947266 11
0 0.130000 0.070000 -2.010000 0.423828 0.927734 11
0 -0.370000 -0.450000 -2.500000 0.458984 0.947266 11
0 0.670000 -0.450000 -2.500000 0.388672 0.947266 11
0 -0.630000 -1.420000 -1.010000 0.376953 0.994141 11
0 -0.320000 -1.420000 -2.220000 0.462891 0.994141 11
0 -0.370000 -0.450000 -2.500000 0.462891 0.947266 11
0 0.720000 -1.420000 -2.220000 0.380859 0.943359 11
0 -0.320000 -1.420000 -2.220000 0.349609 0.943359 11
0 -0.690000 -0.430000 -1.160000 0.384766 0.947266 11
0 0.130000 0.000000 -1.530000 0.423828 0.876953 11
0 -0.690000 -0.430000 -1.160000 0.458984 0.876953 11
0 -0.690000 -0.430000 -1.160000 0.396484 0.873047 11
0 -0.700000 -3.670000 -1.150000 0.396484 0.853516 13
0 -1.300000 -3.670000 -0.040000 0.427734 0.853516 13
0 0.690000 -0.790000 0.990000 0.287109 0.873047 11
0 0.900000 -3.920000 1.240000 0.283203 0.857422 13
0 1.490000 -3.670000 -0.040000 0.330078 0.853516 13
0 1.110000 -0.430000 -1.160000 0.388672 0.876953 11
0 -0.700000 -3.670000 -1.150000 0.251953 0.853516 13
0 -0.690000 -0.430000 -1.160000 0.251953 0.873047 11
0 -0.540000 -3.920000 1.240000 0.462891 0.857422 13
0 -0.470000 -0.790000 0.990000 0.458984 0.873047 11
0 1.020000 -0.680000 -0.040000 0.326172 0.873047 11
0 -0.690000 -0.660000 -0.090000 0.427734 0.873047 11
0 0.910000 -3.670000 -1.150000 0.369141 0.853516 13
0 1.110000 -0.430000 -1.160000 0.369141 0.873047 11
0 0.470000 -1.420000 0.880000 0.255859 0.994141 11
0 0.690000 -0.790000 0.990000 0.251953 0.962891 11
0 -0.630000 -1.420000 -1.010000 0.345703 0.912109 11
41
-0.943710 0.269746 -0.191438
-0.984927 0.118570 0.125938
-0.986179 0.155287 0.057769
0.000000 0.079560 0.996830
0.000000 0.079560 0.996830
-0.023441 -0.045302 -0.998698
0.343763 -0.024295 -0.938742
0.174688 -0.064722 -0.982494
0.560089 0.377649 -0.737347
0.558560 0.425740 -0.711868
0.000000 0.172001 -0.985097
0.943363 0.310473 -0.116930
0.000000 1.000000 0.000000
-0.399803 0.235124 0.885931
-0.774506 0.176500 0.607444
0.026689 -0.979634 0.199009
0.348392 -0.798147 0.491512
-0.314630 -0.803276 0.505723
0.984403 0.163662 0.064546
0.603341 0.249724 0.757376
0.608387 0.242338 0.755736
0.989366 0.078513 0.122435
0.031552 -0.989040 -0.144235
0.532254 -0.846442 0.015563
-0.968588 0.104350 -0.225717
-0.879488 0.001035 -0.475920
-0.988947 0.123521 0.082011
0.919076 0.121402 0.374915
0.896820 0.094764 0.432127
0.990121 0.091080 0.106607
-0.477560 -0.877935 0.034166
-0.210210 -0.053645 -0.976183
-0.410546 -0.001702 -0.911838
-0.852785 0.060382 0.518760
-0.918054 0.130864 0.374234
0.964558 0.151781 0.215848
-0.971169 0.199080 0.131143
0.884510 -0.056329 -0.463109
0.981573 0.051603 -0.183990
-0.720628 0.351958 -0.597345
-0.899688 0.357834 -0.250033
36
0 0 1 2 0 1 2 1
0 3 4 5 3 4 3 1
0 6 7 8 5 6 7 1
0 9 10 11 8 9 10 1
0 12 10 9 11 9 8 1
0 5 13 3 3 3 3 1
0 14 15 16 12 12 12 1
0 17 2 18 13 2 14 1
0 2 1 18 2 1 14 1
0 19 20 21 15 16 17 1
0 22 23 24 18 19 20 1
0 16 25 26 12 12 12 1
0 24 27 22 20 21 18 1
0 28 29 19 22 23 15 1
0 30 31 32 24 25 26 1
0 33 34 35 27 28 29 1
0 22 27 12 18 21 11 1
0 19 29 20 15 23 16 1
0 19 21 36 15 17 30 1
0 36 28 19 30 22 15 1
0 8 37 6 7 31 5 1
0 37 38 6 31 32 5 1
0 32 39 40 26 33 34 1
0 41 33 35 35 27 29 1
0 32 40 42 26 34 36 1
0 35 43 44 29 37 38 1
0 35 44 41 29 38 35 1
0 45 46 0 39 40 0 1
0 0 2 45 0 2 39 1
0 42 30 32 36 24 26 1
0 9 22 12 8 18 11 1
0 24 23 17 20 19 13 1
0 17 18 24 13 14 20 1
0 26 47 16 12 12 12 1
0 16 47 14 12 12 12 1
0 11 45 9 10 39 8 1
"Torso" 0 0
122
0 1.300000 0.190000 1.090000 0.744141 0.904297 2
0 1.460000 2.460000 0.730000 0.744141 0.697266 0
0 1.500000 0.790000 0.000000 0.701172 0.794922 0
0 -1.090000 0.890000 -0.800000 0.626953 0.787109 0
0 -0.840000 1.980000 -1.280000 0.599609 0.681641 0
0 -1.370000 1.840000 0.000000 0.681641 0.681641 0
0 1.380000 1.840000 0.000000 0.681641 0.677734 0
0 1.700000 -0.100000 0.000000 0.701172 0.904297 2
0 1.100000 0.890000 -0.800000 0.626953 0.787109 0
0 0.000000 0.890000 -1.000000 0.470703 0.787109 0
0 -1.690000 -0.100000 0.000000 0.701172 0.908203 2
0 -1.190000 -0.400000 -0.900000 0.626953 0.912109 2
0 0.000000 3.190000 -0.600000 0.470703 0.572266 0
0 0.850000 3.200000 -0.560000 0.591797 0.572266 0
0 0.840000 3.460000 0.000000 0.583984 0.552734 0
0 1.200000 -0.400000 -0.900000 0.626953 0.916016 2
0 -0.840000 3.200000 -0.560000 0.271484 0.126953 0
0 -0.840000 1.980000 -1.280000 0.251953 0.189453 0
0 -0.630000 1.970000 -1.280000 0.271484 0.189453 0
0 0.000000 0.890000 -1.000000 0.466797 0.787109 0
0 0.000000 -0.500000 -1.000000 0.466797 0.916016 2
0 1.040000 3.160000 0.710000 0.623047 0.388672 0
0 1.530000 3.100000 0.550000 0.501953 0.392578 0
0 1.460000 2.460000 0.730000 0.501953 0.380859 0
0 0.000000 1.990000 -0.900000 0.470703 0.681641 0
0 -0.630000 1.970000 -1.280000 0.580078 0.681641 0
0 0.850000 1.980000 -1.280000 0.603516 0.681641 0
0 1.290000 2.450000 -0.610000 0.681641 0.634766 0
0 0.850000 3.200000 -0.560000 0.623047 0.494141 0
0 1.460000 3.070000 -0.440000 0.501953 0.474609 0
0 1.490000 3.320000 0.040000 0.501953 0.435547 0
0 -0.840000 3.200000 -0.560000 0.587891 0.576172 0
0 -1.280000 2.450000 -0.610000 0.681641 0.634766 0
0 -0.840000 3.200000 -0.560000 0.623047 0.490234 0
0 -1.450000 3.070000 -0.440000 0.505859 0.478516 0
0 -1.280000 2.450000 -0.610000 0.505859 0.498047 0
0 -0.850000 2.620000 0.950000 0.388672 0.189453 0
0 0.000000 2.190000 1.190000 0.439453 0.189453 0
0 -1.450000 2.460000 0.730000 0.384766 0.193359 0
0 1.290000 2.450000 -0.610000 0.501953 0.498047 0
0 0.850000 3.200000 -0.560000 0.583984 0.572266 0
0 0.640000 1.970000 -1.280000 0.576172 0.681641 0
0 0.000000 3.190000 -0.600000 0.470703 0.576172 0
0 -0.840000 3.200000 -0.560000 0.583984 0.576172 0
0 0.640000 1.970000 -1.280000 0.271484 0.189453 0
0 0.850000 1.980000 -1.280000 0.291016 0.189453 0
0 0.850000 3.200000 -0.560000 0.271484 0.126953 0
0 0.860000 2.620000 0.950000 0.486328 0.189453 0
0 1.040000 3.160000 0.710000 0.486328 0.126953 0
0 1.460000 2.460000 0.730000 0.494141 0.197266 0
0 0.000000 3.290000 1.590000 0.697266 0.568359 0
0 1.040000 3.160000 0.710000 0.740234 0.568359 0
0 0.860000 2.620000 0.950000 0.740234 0.603516 0
0 -1.480000 3.320000 0.040000 0.505859 0.431641 0
0 -0.830000 3.460000 0.000000 0.623047 0.431641 0
0 -1.030000 3.160000 0.710000 0.623047 0.392578 0
0 0.840000 3.460000 0.000000 0.623047 0.435547 0
0 0.000000 0.290000 1.490000 0.439453 0.369141 2
0 -0.830000 3.460000 0.000000 0.587891 0.548828 0
0 -1.520000 3.100000 0.550000 0.505859 0.392578 0
0 0.000000 -0.500000 -1.000000 0.470703 0.912109 2
0 -1.450000 2.460000 0.730000 0.505859 0.380859 0
0 -1.490000 0.790000 0.000000 0.701172 0.794922 0
0 -1.450000 2.460000 0.730000 0.744141 0.705078 0
0 -1.290000 0.190000 1.090000 0.744141 0.908203 2
0 0.000000 3.790000 -0.800000 0.470703 0.501953 0
0 -0.790000 3.890000 -0.300000 0.583984 0.501953 0
0 1.000000 3.790000 0.990000 0.712891 0.501953 0
0 0.800000 3.890000 -0.300000 0.732422 0.501953 0
0 0.840000 3.460000 0.000000 0.732422 0.552734 0
0 -0.990000 3.790000 0.990000 0.677734 0.501953 0
0 -1.030000 3.160000 0.710000 0.681641 0.568359 0
0 -0.830000 3.460000 0.000000 0.658203 0.552734 0
0 1.040000 3.160000 0.710000 0.712891 0.568359 0
0 0.000000 3.290000 1.590000 0.693359 0.568359 0
0 -0.380000 3.580000 0.000000 0.673828 0.447266 0
0 -0.790000 3.890000 -0.300000 0.626953 0.498047 0
0 0.000000 3.790000 -0.800000 0.677734 0.498047 0
0 0.390000 3.580000 0.000000 0.685547 0.447266 0
0 0.000000 3.390000 -0.400000 0.677734 0.451172 0
0 0.800000 3.890000 -0.300000 0.732422 0.498047 0
0 1.000000 3.790000 0.990000 0.732422 0.376953 0
0 0.240000 3.480000 0.500000 0.681641 0.419922 0
0 0.000000 3.590000 1.390000 0.677734 0.376953 0
0 -0.230000 3.480000 0.500000 0.673828 0.419922 0
0 -0.990000 3.790000 0.990000 0.626953 0.376953 0
0 -0.850000 2.620000 0.950000 0.654297 0.603516 0
0 -1.030000 3.160000 0.710000 0.654297 0.568359 0
0 0.000000 3.590000 1.390000 0.693359 0.501953 0
0 -0.790000 3.890000 -0.300000 0.658203 0.501953 0
0 0.800000 3.890000 -0.300000 0.583984 0.501953 0
0 0.000000 2.190000 1.190000 0.693359 0.603516 0
0 -1.030000 3.160000 0.710000 0.388672 0.126953 0
0 1.300000 0.190000 1.090000 0.498047 0.369141 2
0 -1.290000 0.190000 1.090000 0.376953 0.369141 2
0 -0.090000 1.190000 -1.400000 0.255859 0.193359 0
0 -0.090000 1.190000 -1.300000 0.255859 0.197266 0
0 -0.090000 0.590000 -1.300000 0.251953 0.248047 0
0 0.640000 1.970000 -1.280000 0.271484 0.126953 0
0 0.000000 1.190000 -1.380000 0.271484 0.197266 0
0 0.100000 1.190000 -1.400000 0.287109 0.197266 0
0 0.100000 1.190000 -1.300000 0.287109 0.197266 0
0 0.100000 0.590000 -1.300000 0.287109 0.248047 0
0 -0.090000 1.190000 -1.400000 0.255859 0.197266 0
0 -0.630000 1.970000 -1.280000 0.271484 0.126953 0
0 -0.840000 1.980000 -1.280000 0.251953 0.126953 0
0 0.100000 0.590000 -1.300000 0.291016 0.248047 0
0 -0.090000 1.190000 -1.300000 0.255859 0.193359 0
0 0.850000 1.980000 -1.280000 0.291016 0.126953 0
0 -0.550000 0.590000 -1.300000 0.251953 0.251953 0
0 -0.550000 -0.490000 -1.200000 0.251953 0.373047 0
0 -0.550000 -0.490000 -1.400000 0.259766 0.373047 0
0 0.560000 0.590000 -1.300000 0.373047 0.251953 0
0 0.560000 -0.490000 -1.200000 0.373047 0.373047 0
0 0.560000 -0.490000 -1.400000 0.373047 0.369141 0
0 0.560000 -0.490000 -1.200000 0.365234 0.373047 0
0 -0.550000 0.590000 -1.300000 0.259766 0.251953 0
0 0.560000 -0.490000 -1.400000 0.365234 0.373047 0
0 0.560000 -0.490000 -1.200000 0.369141 0.373047 0
0 0.560000 -0.490000 -1.400000 0.373047 0.373047 0
0 0.560000 0.590000 -1.300000 0.365234 0.251953 0
0 -0.550000 -0.490000 -1.400000 0.251953 0.373047 0
111
-0.970977 -0.083411 -0.224158
-0.999165 -0.033903 0.022810
-0.984231 -0.121557 0.128503
0.731695 -0.033241 0.680822
0.610717 0.102907 0.785134
0.933833 0.001117 0.357708
-0.933833 0.001117 0.357708
-0.955923 -0.183802 0.228972
-0.731390 -0.033160 0.681153
0.009535 0.107288 0.994182
0.955923 -0.183803 0.228972
0.408958 -0.071518 0.909747
-0.276129 -0.372788 0.885879
0.137453 -0.607516 0.782324
-0.511711 -0.089431 0.854491
-0.408217 -0.071497 0.910081
-0.024195 -0.508105 0.860955
-0.083045 0.000000 0.996546
-0.270985 -0.753108 -0.599496
-0.310500 -0.624368 -0.716767
-0.327135 -0.222521 -0.918405
-0.001975 -0.307156 0.951657
-0.339514 -0.119814 0.932939
-0.610478 0.103045 0.785302
-0.808303 -0.075641 0.583887
-0.260657 -0.702970 0.661733
-0.274024 -0.572461 0.772787
-0.243963 -0.968855 0.042447
0.339632 -0.719272 0.606051
0.808303 -0.075641 0.583887
0.260657 -0.702970 0.661733
0.274024 -0.572461 0.772787
0.229703 -0.198282 0.952849
0.361985 -0.080477 -0.928703
0.000806 -0.023614 -0.999721
0.325133 -0.110215 -0.939224
-0.229703 -0.198282 0.952849
-0.609335 -0.403001 0.682862
0.335202 -0.120030 0.934469
0.278415 -0.373438 0.884889
-0.203723 -0.393347 0.896535
0.024195 -0.508105 0.860955
-0.361488 -0.078063 -0.929103
-0.392903 -0.260936 -0.881782
-0.323927 -0.109114 -0.939769
0.002327 0.121655 -0.992570
-0.649988 -0.117061 -0.750875
-0.541742 0.101646 -0.834377
0.243963 -0.968855 0.042447
0.212569 -0.976459 0.036639
0.270985 -0.753108 -0.599496
-0.212569 -0.976459 0.036639
0.001004 -0.145381 -0.989375
0.515911 -0.090815 0.851815
0.310500 -0.624368 -0.716767
0.083738 0.000000 0.996488
0.327135 -0.222521 -0.918405
0.984231 -0.121557 0.128503
0.999165 -0.033903 0.022810
0.970977 -0.083412 -0.224158
0.002884 0.433017 0.901381
0.516226 0.457229 0.724191
-0.910256 -0.126633 -0.394206
-0.987884 0.015815 0.154386
-0.980946 -0.069109 0.181573
0.910887 -0.126813 -0.392688
0.942456 0.083988 -0.323610
0.980946 -0.069109 0.181573
-0.941669 0.084942 -0.325643
0.001867 -0.157004 -0.987596
-0.529212 -0.801025 -0.279810
-0.445721 -0.852818 -0.272094
-0.003564 -0.835742 -0.549111
0.526001 -0.802288 -0.282234
-0.006472 -0.707092 -0.707092
0.444567 -0.852891 -0.273745
0.406937 -0.913437 -0.005938
0.229391 -0.969558 0.085653
-0.000565 -0.985501 0.169669
-0.229937 -0.969505 0.084783
-0.407397 -0.913226 -0.006798
0.545468 0.102574 -0.831831
0.653617 -0.114615 -0.748097
0.001068 -0.554700 -0.832050
0.987884 0.015815 0.154386
-0.511384 0.459202 0.726374
0.002142 0.341742 -0.939791
0.392903 -0.260936 -0.881782
-0.300668 -0.128617 -0.945017
0.302781 -0.128366 -0.944376
1.000000 0.000000 0.000000
0.369472 0.137632 0.918993
-0.306988 0.129691 0.942835
-0.008290 -0.022736 0.999707
-0.591365 0.186824 0.784464
-0.848128 0.252773 0.465602
-0.707107 0.093454 0.700904
0.101009 0.138031 0.985264
-0.108436 -0.224075 0.968521
0.539065 0.399107 0.741703
0.193548 0.161290 0.967742
0.725228 0.688509 0.000000
0.001262 -0.026506 0.999648
0.447214 -0.082465 -0.890618
0.421405 0.803956 -0.419610
0.707107 -0.065194 0.704095
-0.707107 -0.065194 -0.704095
0.000000 -0.092198 -0.995741
-1.000000 0.000000 0.000000
0.000000 -0.092198 0.995741
0.000000 1.000000 0.000000
102
0 0 1 2 0 1 2 1
0 3 4 5 3 4 5 1
0 1 6 2 1 6 2 1
0 7 2 8 7 2 8 1
0 4 3 9 4 3 9 1
0 2 6 8 2 6 8 1
0 10 11 3 10 11 3 1
0 12 13 14 12 13 14 1
0 8 15 7 8 15 7 1
0 16 17 18 16 16 16 1
0 19 20 15 17 17 15 1
0 21 22 23 18 19 20 1
0 9 24 25 9 21 22 1
0 26 6 27 23 6 24 1
0 9 3 11 9 3 11 1
0 28 29 30 25 26 27 1
0 4 31 32 4 28 29 1
0 30 22 21 27 19 18 1
0 33 34 35 30 31 32 1
0 36 37 38 33 34 35 1
0 13 12 24 13 12 21 1
0 39 29 28 36 26 25 1
0 27 40 26 24 37 23 1
0 15 8 9 15 8 9 1
0 41 24 9 38 21 9 1
0 24 42 43 21 39 40 1
0 44 45 46 41 41 41 1
0 9 8 26 9 8 23 1
0 6 26 8 6 23 8 1
0 47 48 49 42 43 44 1
0 50 51 52 45 46 47 1
0 53 54 55 48 49 50 1
0 53 34 33 48 31 30 1
0 30 21 56 27 18 51 1
0 38 37 57 35 34 52 1
0 42 58 31 39 53 28 1
0 55 59 53 50 54 48 1
0 11 60 9 11 55 9 1
0 61 59 55 56 54 50 1
0 62 5 63 57 5 58 1
0 32 5 4 29 5 4 1
0 3 5 62 3 5 57 1
0 64 10 62 59 10 57 1
0 58 42 65 53 39 60 1
0 65 66 58 60 61 53 1
0 67 68 69 62 63 64 1
0 70 71 72 65 66 67 1
0 67 73 74 62 68 69 1
0 65 12 14 60 12 14 1
0 75 76 77 70 71 72 1
0 78 79 77 73 74 72 1
0 78 80 81 73 75 76 1
0 82 81 83 77 76 78 1
0 75 84 85 70 79 80 1
0 13 24 41 13 21 38 1
0 25 24 43 22 21 40 1
0 25 4 9 22 4 9 1
0 9 26 41 9 23 38 1
0 83 85 84 78 80 79 1
0 83 84 82 78 79 77 1
0 74 71 70 69 66 65 1
0 86 87 50 81 82 45 1
0 70 88 74 65 83 69 1
0 74 88 67 69 83 62 1
0 69 73 67 64 68 62 1
0 72 89 70 67 84 65 1
0 14 90 65 14 85 60 1
0 49 37 47 44 34 42 1
0 50 91 86 45 86 81 1
0 52 91 50 47 86 45 1
0 38 92 36 35 87 33 1
0 81 82 78 76 77 73 1
0 85 76 75 80 71 70 1
0 77 79 75 72 74 70 1
0 77 80 78 72 75 73 1
0 2 7 0 2 7 0 1
0 49 93 57 44 88 52 1
0 57 37 49 52 34 44 1
0 57 94 38 52 89 35 1
0 62 63 64 57 58 59 1
0 3 62 10 3 57 10 1
0 33 54 53 30 49 48 1
0 30 56 28 27 51 25 1
0 95 96 97 90 90 91 1
0 98 99 100 92 93 94 1
0 101 100 102 95 94 96 1
0 99 103 97 93 97 91 1
0 99 97 102 93 91 96 1
0 104 105 103 98 99 97 1
0 100 101 98 94 95 92 1
0 103 99 104 97 93 98 1
0 106 100 99 100 94 93 1
0 103 105 107 97 99 101 1
0 98 101 108 92 95 102 1
0 109 110 111 103 104 105 1
0 109 112 113 103 106 107 1
0 112 114 115 106 108 108 1
0 116 111 117 109 105 109 1
0 110 118 119 104 110 110 1
0 117 120 116 109 109 109 1
0 119 121 110 110 110 104 1
0 113 110 109 107 104 103 1
"R upper arm" 0 0
33
0 0.070000 -0.620000 -0.450000 0.513672 0.033203 8
0 -0.100000 -0.790000 -0.440000 0.521484 0.033203 8
0 -0.120000 -3.030000 -0.350000 0.521484 0.259766 8
0 0.940000 -0.300000 0.000000 0.712891 0.021484 8
0 -1.370000 1.840000 -0.000000 0.712891 0.005859 0
0 -1.280000 2.450000 -0.610000 0.693359 0.005859 0
0 -0.060000 -0.740000 0.510000 0.744141 0.033203 8
0 -1.520000 3.100000 0.550000 0.740234 0.009766 0
0 -1.450000 2.460000 0.730000 0.728516 0.005859 0
0 -1.480000 3.320000 0.040000 0.576172 0.005859 0
0 -1.520000 3.100000 0.550000 0.619141 0.005859 0
0 -0.060000 -0.740000 0.510000 0.630859 0.033203 8
0 -1.450000 3.070000 -0.440000 0.529297 0.005859 0
0 -0.220000 -0.590000 0.000000 0.576172 0.029297 8
0 0.070000 -0.620000 -0.450000 0.521484 0.033203 8
0 -0.130000 -3.030000 0.470000 0.638672 0.259766 8
0 -0.240000 -0.890000 0.510000 0.630859 0.033203 8
0 -0.060000 -0.740000 0.510000 0.638672 0.033203 8
0 -1.450000 3.070000 -0.440000 0.685547 0.013672 0
0 0.070000 -0.620000 -0.450000 0.685547 0.029297 8
0 0.560000 -0.230000 -0.610000 0.693359 0.021484 8
0 0.540000 -0.360000 0.680000 0.728516 0.021484 8
0 0.860000 -3.020000 -0.370000 0.701172 0.111328 8
0 0.860000 -3.020000 0.500000 0.728516 0.111328 8
0 -0.100000 -0.790000 -0.440000 0.521484 0.041016 8
0 0.070000 -0.620000 -0.450000 0.517578 0.033203 8
0 -0.220000 -0.590000 0.000000 0.576172 0.033203 8
0 -0.240000 -0.890000 0.510000 0.630859 0.041016 8
0 -0.370000 -0.840000 0.020000 0.576172 0.041016 8
0 -0.120000 -3.030000 -0.350000 0.685547 0.111328 8
0 -0.130000 -3.030000 0.470000 0.740234 0.111328 8
0 -0.130000 -3.030000 0.470000 0.630859 0.259766 8
0 -0.330000 -3.030000 0.050000 0.576172 0.259766 8
31
0.018795 0.039972 0.999024
0.666998 0.028403 0.744518
-0.916078 -0.399398 -0.035814
-0.676386 -0.730163 -0.096761
-0.327843 -0.836041 0.439948
0.436503 0.198304 -0.877576
0.707511 0.262144 0.656284
-0.474326 -0.813274 -0.337047
0.946058 0.322759 -0.028302
0.911913 0.344367 0.223218
0.943651 0.330788 0.010121
0.919765 0.333853 0.206334
0.996904 -0.003942 0.078526
0.803461 0.329573 0.495815
-0.014932 0.017919 -0.999728
0.346561 -0.415878 -0.840798
0.836590 0.345717 -0.424968
0.446287 0.219141 0.867643
-0.375054 -0.100953 0.921489
-0.372599 -0.105133 -0.922018
-0.539951 0.044171 0.840537
-0.544019 0.023398 -0.838746
0.798628 -0.363520 0.479632
0.642806 -0.616022 0.455321
0.681075 -0.731390 0.034720
0.848615 -0.416322 -0.326388
0.983527 -0.160680 0.082808
0.019981 0.039877 0.999005
0.030118 0.016536 -0.999410
0.939126 0.032640 -0.342019
0.999639 0.018525 0.019460
29
0 0 1 2 0 0 1 1
0 3 4 5 2 3 4 1
0 6 7 8 5 6 7 1
0 9 10 11 8 9 10 1
0 12 9 13 11 8 12 1
0 13 14 12 12 13 11 1
0 11 13 9 10 12 8 1
0 15 16 17 14 14 15 1
0 5 18 19 4 16 17 1
0 20 5 19 18 4 17 1
0 6 8 21 5 7 19 1
0 3 20 22 2 18 20 1
0 8 4 3 7 3 2 1
0 5 20 3 4 18 2 1
0 3 21 8 2 19 7 1
0 23 21 3 21 19 2 1
0 22 23 3 20 21 2 1
0 24 25 26 22 23 24 1
0 26 17 27 24 15 25 1
0 2 24 28 1 22 26 1
0 28 24 13 26 22 12 1
0 22 20 19 20 18 17 1
0 29 22 19 27 20 17 1
0 6 21 23 5 19 21 1
0 23 30 6 21 28 5 1
0 13 27 28 12 25 26 1
0 28 27 31 26 25 29 1
0 28 32 2 26 30 1 1
0 31 32 28 29 30 26 1
"R lower arm" 0 0
38
0 -0.380000 -2.360000 -0.490000 0.544922 0.369141 3
0 -0.380000 -2.360000 0.610000 0.603516 0.369141 3
0 0.030000 -2.130000 0.020000 0.572266 0.373047 3
0 0.660000 -2.360000 0.610000 0.650391 0.369141 3
0 0.660000 -2.360000 0.610000 0.603516 0.373047 3
0 0.660000 -2.360000 -0.490000 0.544922 0.373047 3
0 0.660000 -2.360000 -0.490000 0.501953 0.373047 3
0 0.860000 -3.020000 0.500000 0.724609 0.232422 8
0 0.750000 -0.600000 0.400000 0.724609 0.263672 3
0 -0.200000 -0.610000 0.400000 0.740234 0.263672 3
0 0.830000 -1.990000 0.700000 0.724609 0.337891 3
0 -0.390000 -1.990000 0.700000 0.740234 0.337891 3
0 -0.330000 -3.030000 0.050000 0.576172 0.251953 8
0 -0.130000 -3.030000 0.470000 0.626953 0.251953 8
0 -0.200000 -0.610000 0.400000 0.623047 0.283203 3
0 -0.580000 -1.990000 0.060000 0.576172 0.349609 3
0 -0.380000 -1.990000 -0.550000 0.517578 0.349609 3
0 -0.400000 -0.610000 0.030000 0.572266 0.283203 3
0 0.860000 -3.020000 -0.370000 0.701172 0.232422 8
0 -0.120000 -3.030000 -0.350000 0.681641 0.232422 8
0 -0.200000 -0.610000 -0.330000 0.681641 0.263672 3
0 0.760000 -0.600000 -0.330000 0.701172 0.263672 3
0 -0.380000 -1.990000 -0.550000 0.685547 0.337891 3
0 0.840000 -1.990000 -0.550000 0.701172 0.337891 3
0 -0.380000 -1.990000 -0.550000 0.544922 0.353516 3
0 -0.580000 -1.990000 0.060000 0.572266 0.353516 3
0 -0.390000 -1.990000 0.700000 0.603516 0.353516 3
0 0.660000 -2.360000 0.610000 0.720703 0.337891 3
0 0.830000 -1.990000 0.700000 0.724609 0.326172 3
0 0.840000 -1.990000 -0.550000 0.701172 0.326172 3
0 0.660000 -2.360000 -0.490000 0.501953 0.369141 3
0 0.840000 -1.990000 -0.550000 0.501953 0.353516 3
0 -0.200000 -0.610000 -0.330000 0.525391 0.283203 3
0 -0.120000 -3.030000 -0.350000 0.525391 0.251953 8
0 -0.130000 -3.030000 0.470000 0.740234 0.232422 8
0 0.830000 -1.990000 0.700000 0.650391 0.353516 3
0 0.660000 -2.360000 -0.490000 0.705078 0.337891 3
0 -0.390000 -1.990000 0.700000 0.630859 0.349609 3
36
0.454621 0.838247 0.301101
0.438203 0.850609 -0.290588
-0.039997 0.999114 -0.013094
0.000000 0.664325 -0.747444
0.342940 0.939357 0.000000
0.000000 0.911587 -0.411107
0.698002 0.055694 0.713927
-0.683499 -0.309282 -0.661191
-0.027995 -0.138818 0.989922
-0.698791 -0.189112 -0.689875
0.001120 -0.211847 -0.977302
-0.999595 -0.025498 -0.012622
-0.902728 -0.013735 0.429992
0.082921 -0.911883 0.401986
0.975869 -0.152442 -0.156336
0.905763 -0.152976 0.395210
0.851373 -0.442803 0.281230
0.439121 0.029333 -0.897949
-0.021004 0.007418 -0.999752
-0.019131 -0.130880 -0.991214
0.703765 -0.186485 0.685521
0.000821 -0.156984 0.987601
-0.893533 -0.121190 0.432333
0.379278 0.148111 0.913352
0.975976 0.217661 0.009760
0.383559 0.228047 -0.894917
-0.903662 0.428232 -0.003632
-0.907981 0.418948 -0.007264
0.000000 0.160071 0.987105
0.000000 0.160071 0.987105
-0.860962 -0.232451 -0.452450
-0.885108 -0.025591 -0.464682
-0.030682 0.028109 0.999134
0.000000 0.236352 -0.971668
-0.899235 0.437466 0.000000
0.941126 -0.190313 -0.279398
33
0 0 1 2 0 1 2 1
0 1 3 2 1 3 2 1
0 4 5 2 4 4 2 1
0 6 0 2 5 0 2 1
0 7 8 9 6 7 8 1
0 8 10 11 7 9 10 1
0 12 13 14 11 12 13 1
0 15 16 17 14 15 16 1
0 18 19 20 17 18 19 1
0 21 20 22 20 19 21 1
0 7 18 21 6 17 20 1
0 8 21 23 7 20 22 1
0 0 24 25 0 23 24 1
0 3 1 26 3 1 25 1
0 27 28 29 26 27 26 1
0 30 31 24 28 29 23 1
0 32 33 12 30 31 11 1
0 21 8 7 20 7 6 1
0 23 10 8 22 9 7 1
0 20 21 18 19 20 17 1
0 22 23 21 21 22 20 1
0 9 34 7 8 32 6 1
0 11 9 8 10 8 7 1
0 24 0 30 23 0 28 1
0 26 35 3 25 33 3 1
0 29 36 27 26 34 26 1
0 17 32 12 16 30 11 1
0 12 14 17 11 13 16 1
0 17 14 15 16 13 14 1
0 25 26 1 24 25 1 1
0 1 0 25 1 0 24 1
0 17 16 32 16 15 30 1
0 15 14 37 14 13 35 1
"L upper arm" 0 0
33
0 0.130000 -3.030000 -0.350000 0.521484 0.259766 15
0 0.110000 -0.790000 -0.440000 0.521484 0.033203 15
0 -0.060000 -0.620000 -0.450000 0.513672 0.033203 15
0 1.290000 2.450000 -0.610000 0.693359 0.005859 0
0 1.380000 1.840000 -0.000000 0.712891 0.005859 0
0 -0.930000 -0.300000 0.000000 0.712891 0.021484 15
0 1.460000 2.460000 0.730000 0.728516 0.005859 0
0 1.530000 3.100000 0.550000 0.740234 0.009766 0
0 0.070000 -0.740000 0.510000 0.744141 0.033203 15
0 0.070000 -0.740000 0.510000 0.630859 0.033203 15
0 1.530000 3.100000 0.550000 0.619141 0.005859 0
0 1.490000 3.320000 0.040000 0.576172 0.005859 0
0 0.230000 -0.590000 0.000000 0.576172 0.029297 15
0 1.460000 3.070000 -0.440000 0.529297 0.005859 0
0 -0.060000 -0.620000 -0.450000 0.521484 0.033203 15
0 0.070000 -0.740000 0.510000 0.638672 0.033203 15
0 0.250000 -0.890000 0.510000 0.630859 0.033203 15
0 0.140000 -3.030000 0.470000 0.638672 0.259766 15
0 -0.060000 -0.620000 -0.450000 0.685547 0.029297 15
0 1.460000 3.070000 -0.440000 0.685547 0.013672 0
0 -0.550000 -0.230000 -0.610000 0.693359 0.021484 15
0 -0.530000 -0.360000 0.680000 0.728516 0.021484 15
0 -0.850000 -3.020000 -0.370000 0.701172 0.111328 15
0 -0.850000 -3.020000 0.500000 0.728516 0.111328 15
0 0.230000 -0.590000 0.000000 0.576172 0.033203 15
0 -0.060000 -0.620000 -0.450000 0.517578 0.033203 15
0 0.110000 -0.790000 -0.440000 0.521484 0.041016 15
0 0.250000 -0.890000 0.510000 0.630859 0.041016 15
0 0.380000 -0.840000 0.020000 0.576172 0.041016 15
0 0.130000 -3.030000 -0.350000 0.685547 0.111328 15
0 0.140000 -3.030000 0.470000 0.740234 0.111328 15
0 0.140000 -3.030000 0.470000 0.630859 0.259766 15
0 0.340000 -3.030000 0.050000 0.576172 0.259766 15
31
-0.666998 0.028403 0.744518
-0.018795 0.039972 0.999024
0.327265 -0.835784 0.440866
0.676420 -0.730113 -0.096910
0.916094 -0.399357 -0.035856
0.474311 -0.813159 -0.337345
-0.707667 0.262133 0.656120
-0.436516 0.198303 -0.877570
-0.943613 0.330929 0.008938
-0.912436 0.344540 0.220802
-0.945998 0.322938 -0.028256
-0.996859 -0.003797 0.079108
-0.919482 0.333896 0.207524
-0.803461 0.329572 0.495815
-0.346562 -0.415878 -0.840797
0.014932 0.017919 -0.999728
-0.446294 0.219092 0.867652
-0.836928 0.345841 -0.424199
0.375042 -0.100964 0.921493
0.372620 -0.105092 -0.922014
0.539952 0.044171 0.840536
0.544020 0.023398 -0.838746
-0.681076 -0.731389 0.034721
-0.642806 -0.616022 0.455321
-0.798628 -0.363520 0.479632
-0.848615 -0.416321 -0.326387
-0.983527 -0.160680 0.082808
-0.019981 0.039877 0.999005
-0.030118 0.016536 -0.999410
-0.939126 0.032640 -0.342019
-0.999639 0.018525 0.019460
29
0 0 1 2 0 1 1 1
0 3 4 5 2 3 4 1
0 6 7 8 5 6 7 1
0 9 10 11 8 9 10 1
0 12 11 13 11 10 12 1
0 13 14 12 12 13 11 1
0 11 12 9 10 11 8 1
0 15 16 17 14 15 15 1
0 18 19 3 16 17 2 1
0 18 3 20 16 2 18 1
0 21 6 8 19 5 7 1
0 22 20 5 20 18 4 1
0 5 4 6 4 3 5 1
0 5 20 3 4 18 2 1
0 6 21 5 5 19 4 1
0 5 21 23 4 19 21 1
0 5 23 22 4 21 20 1
0 24 25 26 22 23 24 1
0 27 15 24 25 14 22 1
0 28 26 0 26 24 0 1
0 12 26 28 11 24 26 1
0 18 20 22 16 18 20 1
0 18 22 29 16 20 27 1
0 23 21 8 21 19 7 1
0 8 30 23 7 28 21 1
0 28 27 12 26 25 11 1
0 31 27 28 29 25 26 1
0 0 32 28 0 30 26 1
0 28 32 31 26 30 29 1
"L lower arm" 0 0
38
0 -0.020000 -2.130000 0.020000 0.572266 0.373047 10
0 0.390000 -2.360000 0.610000 0.603516 0.369141 10
0 0.390000 -2.360000 -0.490000 0.544922 0.369141 10
0 -0.650000 -2.360000 0.610000 0.650391 0.369141 10
0 -0.650000 -2.360000 -0.490000 0.544922 0.373047 10
0 -0.650000 -2.360000 0.610000 0.603516 0.373047 10
0 -0.650000 -2.360000 -0.490000 0.501953 0.373047 10
0 0.210000 -0.610000 0.400000 0.740234 0.263672 10
0 -0.740000 -0.600000 0.400000 0.724609 0.263672 10
0 -0.850000 -3.020000 0.500000 0.724609 0.232422 15
0 0.400000 -1.990000 0.700000 0.740234 0.337891 10
0 -0.820000 -1.990000 0.700000 0.724609 0.337891 10
0 0.210000 -0.610000 0.400000 0.623047 0.283203 10
0 0.140000 -3.030000 0.470000 0.626953 0.251953 15
0 0.340000 -3.030000 0.050000 0.576172 0.251953 15
0 0.410000 -0.610000 0.030000 0.572266 0.283203 10
0 0.210000 -0.610000 -0.330000 0.525391 0.283203 10
0 0.590000 -1.990000 0.060000 0.576172 0.349609 10
0 0.210000 -0.610000 -0.330000 0.681641 0.263672 10
0 0.130000 -3.030000 -0.350000 0.681641 0.232422 15
0 -0.850000 -3.020000 -0.370000 0.701172 0.232422 15
0 0.390000 -1.990000 -0.550000 0.685547 0.337891 10
0 -0.750000 -0.600000 -0.330000 0.701172 0.263672 10
0 -0.830000 -1.990000 -0.550000 0.701172 0.337891 10
0 0.590000 -1.990000 0.060000 0.572266 0.353516 10
0 0.390000 -1.990000 -0.550000 0.544922 0.353516 10
0 0.400000 -1.990000 0.700000 0.603516 0.353516 10
0 -0.830000 -1.990000 -0.550000 0.701172 0.326172 10
0 -0.820000 -1.990000 0.700000 0.724609 0.326172 10
0 -0.650000 -2.360000 0.610000 0.720703 0.337891 10
0 -0.830000 -1.990000 -0.550000 0.501953 0.353516 10
0 -0.650000 -2.360000 -0.490000 0.501953 0.369141 10
0 0.130000 -3.030000 -0.350000 0.525391 0.251953 15
0 0.140000 -3.030000 0.470000 0.740234 0.232422 15
0 -0.820000 -1.990000 0.700000 0.650391 0.353516 10
0 -0.650000 -2.360000 -0.490000 0.705078 0.337891 10
0 0.400000 -1.990000 0.700000 0.630859 0.349609 10
0 0.390000 -1.990000 -0.550000 0.517578 0.349609 10
35
0.039997 0.999114 -0.013094
-0.438201 0.850611 -0.290587
-0.454620 0.838247 0.301102
0.000000 0.664325 -0.747444
-0.342940 0.939357 0.000000
0.000000 0.911587 -0.411107
0.028114 -0.138867 0.989912
0.683484 -0.309338 -0.661180
-0.697948 0.055635 0.713984
-0.001120 -0.211847 -0.977302
0.698791 -0.189112 -0.689875
0.875639 -0.241081 0.418493
0.902680 -0.013760 0.430092
0.999595 -0.025512 -0.012594
-0.850360 -0.462451 -0.251051
-0.127011 -0.891933 -0.433962
-0.973381 -0.142702 0.179349
0.018991 -0.130933 -0.991209
0.020862 0.007422 -0.999755
-0.439208 0.029301 -0.897907
-0.000821 -0.156984 0.987601
-0.703684 -0.186581 0.685578
0.893533 -0.121190 0.432333
-0.975975 0.217665 0.009762
-0.379278 0.148111 0.913352
-0.383559 0.228050 -0.894917
0.903662 0.428232 -0.003632
0.907981 0.418948 -0.007264
0.000000 0.160071 0.987105
0.885109 -0.025599 -0.464680
0.030805 0.028057 0.999132
0.000000 0.236352 -0.971668
0.899235 0.437466 0.000000
-0.910063 -0.175666 -0.375402
-0.936225 -0.171051 0.306960
33
0 0 1 2 0 1 2 1
0 0 3 1 0 3 1 1
0 0 4 5 0 4 4 1
0 0 2 6 0 2 5 1
0 7 8 9 6 7 8 1
0 10 11 8 9 10 7 1
0 12 13 14 11 12 13 1
0 15 16 17 14 15 16 1
0 18 19 20 17 18 19 1
0 21 18 22 20 17 21 1
0 22 20 9 21 19 8 1
0 23 22 8 22 21 7 1
0 24 25 2 23 24 2 1
0 26 1 3 25 1 3 1
0 27 28 29 26 27 26 1
0 25 30 31 24 28 28 1
0 14 32 16 13 29 15 1
0 9 8 22 8 7 21 1
0 8 11 23 7 10 22 1
0 20 22 18 19 21 17 1
0 22 23 21 21 22 20 1
0 9 33 7 8 30 6 1
0 8 7 10 7 6 9 1
0 31 2 25 28 2 24 1
0 3 34 26 3 31 25 1
0 29 35 27 26 32 26 1
0 14 16 15 13 15 14 1
0 15 12 14 14 11 13 1
0 17 36 15 16 33 14 1
0 1 26 24 1 25 23 1
0 24 2 1 23 2 1 1
0 17 16 37 16 15 34 1
0 15 36 12 14 33 11 1
"Neck" 0 0
10
0 -0.260000 1.800000 -0.010000 0.306641 0.126953 9
0 -0.380000 3.580000 -0.000000 0.294922 0.177734 0
0 0.000000 3.390000 -0.400000 0.333984 0.185547 0
0 0.000000 1.800000 -0.390000 0.333984 0.126953 9
0 -0.150000 1.800000 0.320000 0.314453 0.126953 9
0 0.160000 1.800000 0.320000 0.349609 0.126953 9
0 0.240000 3.480000 0.500000 0.357422 0.181641 0
0 -0.230000 3.480000 0.500000 0.306641 0.181641 0
0 0.270000 1.800000 -0.010000 0.357422 0.126953 9
0 0.390000 3.580000 -0.000000 0.369141 0.177734 0
10
-0.937228 -0.043007 -0.346056
-0.996962 -0.070357 -0.033427
-0.398816 -0.025512 -0.916676
0.357976 -0.030336 -0.933238
-0.591096 -0.109870 0.799083
0.581641 -0.114260 0.805381
0.590629 -0.111251 0.799237
-0.599798 -0.113690 0.792034
0.997382 -0.072197 0.004040
0.926868 -0.045549 -0.372615
10
0 0 1 2 0 1 2 1
0 3 0 2 3 0 2 1
0 4 5 6 4 5 6 1
0 7 4 6 7 4 6 1
0 8 9 6 8 9 6 1
0 5 8 6 5 8 6 1
0 4 7 1 4 7 1 1
0 0 4 1 0 4 1 1
0 3 2 9 3 2 9 1
0 9 8 3 9 8 3 1
"Head1" 0 0
51
0 0.000000 1.910000 1.020000 0.310547 0.376953 1
0 1.340000 1.500000 0.640000 0.369141 0.416016 1
0 1.000000 1.070000 1.240000 0.337891 0.416016 1
0 1.270000 1.740000 -0.610000 0.283203 0.462891 1
0 0.730000 1.120000 -0.810000 0.283203 0.498047 1
0 0.920000 0.730000 -0.460000 0.267578 0.498047 1
0 1.340000 1.500000 0.640000 0.251953 0.416016 1
0 1.040000 2.250000 -0.040000 0.283203 0.416016 1
0 1.640000 0.990000 0.000000 0.251953 0.462891 1
0 1.230000 0.390000 0.750000 0.337891 0.462891 1
0 0.000000 2.100000 -0.970000 0.310547 0.462891 1
0 0.000000 2.520000 -0.350000 0.310547 0.416016 1
0 1.020000 0.180000 -0.280000 0.251953 0.494141 1
0 -1.260000 1.740000 -0.610000 0.337891 0.462891 1
0 0.000000 1.330000 -1.060000 0.310547 0.498047 1
0 -1.030000 2.250000 -0.040000 0.337891 0.416016 1
0 0.000000 0.760000 1.700000 0.310547 0.416016 1
0 -1.630000 0.990000 0.000000 0.369141 0.462891 1
0 -0.910000 0.730000 -0.460000 0.353516 0.498047 1
0 -1.330000 1.500000 0.640000 0.369141 0.416016 1
0 0.000000 -0.040000 1.410000 0.310547 0.462891 1
0 -1.630000 0.990000 0.000000 0.251953 0.462891 1
0 -1.220000 0.390000 0.750000 0.283203 0.462891 1
0 -1.010000 0.190000 -0.270000 0.251953 0.494141 1
0 -1.330000 1.500000 0.640000 0.251953 0.416016 1
0 -0.990000 1.070000 1.240000 0.283203 0.416016 1
0 1.020000 0.180000 -0.280000 0.369141 0.494141 1
0 0.670000 -0.070000 -0.120000 0.337891 0.494141 1
0 0.410000 -0.350000 0.700000 0.310547 0.494141 1
0 -0.400000 -0.370000 0.700000 0.298828 0.494141 1
0 -0.630000 -0.070000 -0.120000 0.283203 0.494141 1
0 1.640000 0.990000 0.000000 0.369141 0.462891 1
0 -1.010000 0.190000 -0.270000 0.369141 0.494141 1
0 -0.720000 1.120000 -0.810000 0.337891 0.498047 1
0 0.410000 -0.350000 0.700000 0.326172 0.494141 1
0 -0.840000 -0.210000 -0.580000 0.298828 0.236328 1
0 -1.010000 0.190000 -0.270000 0.294922 0.220703 1
0 -0.630000 -0.070000 -0.120000 0.306641 0.232422 1
0 0.860000 -0.210000 -0.540000 0.369141 0.236328 1
0 1.020000 0.180000 -0.280000 0.373047 0.220703 1
0 0.750000 0.590000 -0.710000 0.365234 0.205078 1
0 -0.450000 -0.580000 -0.900000 0.314453 0.248047 1
0 -0.630000 -0.130000 -0.740000 0.306641 0.232422 1
0 -0.740000 0.590000 -0.710000 0.302734 0.205078 1
0 -0.720000 1.120000 -0.810000 0.302734 0.189453 1
0 0.660000 -0.110000 -0.740000 0.361328 0.232422 1
0 0.670000 -0.070000 -0.120000 0.361328 0.232422 1
0 0.460000 -0.580000 -0.900000 0.353516 0.248047 1
0 0.730000 1.120000 -0.810000 0.365234 0.189453 1
0 0.920000 0.730000 -0.460000 0.373047 0.201172 1
0 -0.910000 0.730000 -0.460000 0.294922 0.201172 1
51
0.001103 -0.736138 -0.676830
-0.787797 -0.200603 -0.582352
-0.572366 -0.096118 -0.814345
-0.641771 -0.282845 0.712831
-0.439478 0.054295 0.896611
-0.600143 0.266999 0.754016
-0.697445 -0.614018 -0.369530
-0.630787 -0.765849 -0.124835
-0.887344 -0.115558 0.446393
-0.781748 0.513143 -0.354337
0.005496 -0.505170 0.863002
-0.086414 -0.979089 0.184166
-0.571745 0.159433 0.804791
0.712765 -0.195824 0.673513
0.099890 -0.082472 0.991575
0.520839 -0.853629 0.006695
0.132902 -0.001130 -0.991129
0.805778 0.008427 0.592157
0.600578 0.272060 0.751858
0.791250 -0.562446 -0.239953
-0.098116 0.614113 -0.783096
0.917427 0.246599 -0.312275
0.721822 0.558940 -0.408117
0.695199 0.718814 0.002185
0.707761 -0.319529 -0.630060
0.660698 -0.147118 -0.736094
-0.705057 0.709150 -0.000835
-0.633517 0.773728 -0.001316
-0.022503 0.911391 -0.410926
0.439281 0.831742 -0.339466
0.630393 0.776087 0.017163
-0.911694 0.345983 -0.221606
0.574193 0.175073 0.799782
0.498735 0.159563 0.851940
-0.632900 0.720475 -0.283468
0.856676 0.395870 0.330745
0.926502 0.201192 0.317986
-0.581469 0.590228 -0.559933
-0.869927 0.406421 0.279374
-0.927848 0.192087 0.319688
-0.596595 0.002666 0.802538
0.177661 0.689439 0.702218
-0.379367 -0.275019 0.883428
0.560043 -0.018955 0.828247
0.847638 0.042757 0.528850
0.330869 -0.260059 0.907136
0.575423 0.567085 -0.589325
-0.242218 0.828618 0.504700
-0.847555 0.037020 0.529414
-0.881519 -0.005766 0.472114
0.874880 0.008376 0.484268
61
0 0 1 2 0 1 2 1
0 3 4 5 3 4 5 1
0 6 7 8 6 7 8 1
0 0 7 6 0 7 6 1
0 2 1 9 2 1 9 1
0 3 10 4 3 10 4 1
0 7 11 3 7 11 3 1
0 0 11 7 0 11 7 1
0 8 5 12 8 5 12 1
0 10 13 14 10 13 14 1
0 11 15 10 11 15 10 1
0 0 15 11 0 15 11 1
0 0 2 16 0 2 16 1
0 13 17 18 13 17 18 1
0 15 19 13 15 19 13 1
0 0 19 15 0 19 15 1
0 16 2 20 16 2 20 1
0 21 22 23 21 22 23 1
0 24 25 21 24 25 21 1
0 0 25 24 0 25 24 1
0 9 26 27 9 26 27 1
0 28 29 20 28 29 20 1
0 25 16 22 25 16 22 1
0 0 16 25 0 16 25 1
0 30 23 22 30 23 22 1
0 26 9 31 26 9 31 1
0 32 18 17 32 18 17 1
0 18 33 13 18 33 13 1
0 5 8 3 5 8 3 1
0 29 30 22 29 30 22 1
0 34 20 9 34 20 9 1
0 9 27 34 9 27 34 1
0 22 20 29 22 20 29 1
0 8 7 3 8 7 3 1
0 9 1 31 9 1 31 1
0 4 10 14 4 10 14 1
0 3 11 10 3 11 10 1
0 14 13 33 14 13 33 1
0 10 15 13 10 15 13 1
0 13 19 17 13 19 17 1
0 20 2 9 20 2 9 1
0 21 25 22 21 25 22 1
0 22 16 20 22 16 20 1
0 35 36 37 35 36 37 1
0 38 39 40 38 39 40 1
0 35 41 42 35 41 42 1
0 36 43 44 36 43 44 1
0 45 40 46 45 40 46 1
0 38 47 46 38 47 46 1
0 48 40 39 48 40 39 1
0 42 41 37 42 41 37 1
0 45 47 38 45 47 38 1
0 46 39 38 46 39 38 1
0 43 36 35 43 36 35 1
0 37 41 35 37 41 35 1
0 38 40 45 38 40 45 1
0 46 47 45 46 47 45 1
0 42 43 35 42 43 35 1
0 37 43 42 37 43 42 1
0 39 49 48 39 49 48 1
0 44 50 36 44 50 36 1
"Head2" 0 0
9
0 0.430000 -0.520000 0.570000 0.357422 0.236328 1
0 0.000000 -0.660000 0.770000 0.330078 0.248047 1
0 0.410000 -0.350000 0.700000 0.357422 0.216797 1
0 -0.470000 -0.510000 0.550000 0.302734 0.232422 1
0 -0.560000 -0.610000 0.170000 0.298828 0.244141 1
0 -0.630000 -0.070000 -0.120000 0.294922 0.189453 1
0 -0.390000 -0.370000 0.700000 0.306641 0.220703 1
0 0.670000 -0.070000 -0.120000 0.369141 0.189453 1
0 0.580000 -0.600000 0.170000 0.365234 0.244141 1
9
-0.855537 0.198994 -0.477972
0.001943 0.297987 -0.954568
-0.586747 0.145389 -0.796612
0.875016 0.116892 -0.469769
0.972955 0.002077 -0.230983
0.955011 -0.085255 -0.284051
0.574774 0.036352 -0.817504
-0.950391 0.032534 -0.309353
-0.937862 -0.029906 -0.345717
7
0 0 1 2 0 1 2 1
0 3 4 5 3 4 5 1
0 6 2 1 6 2 1 1
0 0 2 7 0 2 7 1
0 7 8 0 7 8 0 1
0 3 5 6 3 5 6 1
0 1 3 6 1 3 6 1
"Face" 1 1
28
0 -0.630000 -0.070000 -0.120000 0.190104 0.820312 1
0 -0.170000 -0.370000 -0.840000 0.408856 0.960936 1
0 -0.530000 0.010000 -0.860000 0.236980 0.773436 1
0 0.000000 0.540000 -1.070000 0.502604 0.539064 1
0 -0.720000 1.120000 -0.810000 0.143228 0.257812 1
0 -0.740000 0.590000 -0.710000 0.127604 0.507812 1
0 0.200000 0.270000 -1.060000 0.596356 0.664064 1
0 0.670000 0.280000 -0.840000 0.830728 0.648436 1
0 0.150000 0.450000 -1.030000 0.580728 0.570312 1
0 0.000000 0.350000 -1.220000 0.502604 0.617188 1
0 0.000000 0.450000 -1.110000 0.502604 0.570312 1
0 -0.140000 0.450000 -1.030000 0.424480 0.570312 1
0 0.000000 1.070000 -1.140000 0.502604 0.289064 1
0 0.000000 1.330000 -1.060000 0.502604 0.164064 1
0 0.000000 0.190000 -1.150000 0.502604 0.695312 1
0 -0.190000 0.270000 -1.060000 0.408856 0.664064 1
0 0.000000 -0.020000 -1.110000 0.502604 0.804688 1
0 0.540000 0.010000 -0.860000 0.768228 0.773436 1
0 0.670000 -0.070000 -0.120000 0.830728 0.820312 1
0 -0.660000 0.280000 -0.840000 0.174480 0.648436 1
0 0.000000 -0.350000 0.630000 0.486980 0.960936 1
0 -0.230000 -0.390000 -0.130000 0.377604 0.976564 1
0 0.730000 1.120000 -0.810000 0.861980 0.257812 1
0 0.240000 -0.390000 -0.130000 0.627604 0.976564 1
0 0.750000 0.590000 -0.710000 0.877604 0.507812 1
0 0.180000 -0.370000 -0.840000 0.596356 0.960936 1
0 0.000000 -0.450000 -0.130000 0.502604 1.007812 1
0 0.000000 -0.420000 -0.880000 0.502604 0.992188 1
28
0.797880 0.600449 0.053373
0.525320 0.735899 0.427191
0.679635 0.464693 0.567588
0.006316 -0.102009 0.994763
0.423515 -0.000755 0.905889
0.635360 -0.039200 0.771220
-0.510594 0.019436 0.859602
-0.673008 0.071592 0.736162
-0.452361 -0.368455 0.812164
0.013567 -0.295612 0.955212
0.012807 -0.589692 0.807526
0.465603 -0.361982 0.807579
0.002589 -0.085312 0.996351
0.002441 -0.294085 0.955776
0.010973 0.294496 0.955590
0.522984 0.014675 0.852216
0.005305 0.296003 0.955172
-0.670095 0.457776 0.584306
-0.789887 0.608823 0.073576
0.680846 0.073703 0.728709
0.010399 0.980187 -0.197802
0.415999 0.908573 -0.037953
-0.418790 -0.000640 0.908083
-0.425838 0.902871 -0.059050
-0.628206 -0.051701 0.776327
-0.471384 0.800260 0.370649
-0.052945 0.998245 -0.026528
0.067773 0.905507 0.418884
46
0 0 1 2 0 1 2 1
0 3 4 5 3 4 5 1
0 6 7 8 6 7 8 1
0 9 10 11 9 10 11 1
0 3 10 8 3 10 8 1
0 4 12 13 4 12 13 1
0 9 6 8 9 6 8 1
0 8 10 9 8 10 9 1
0 9 14 6 9 14 6 1
0 15 14 9 15 14 9 1
0 16 14 15 16 14 15 1
0 7 17 18 7 17 18 1
0 0 19 5 0 19 5 1
0 4 3 12 4 3 12 1
0 0 20 21 0 20 21 1
0 11 15 9 11 15 9 1
0 12 3 22 12 3 22 1
0 20 18 23 20 18 23 1
0 7 24 8 7 24 8 1
0 17 25 18 17 25 18 1
0 23 25 26 23 25 26 1
0 6 14 16 6 14 16 1
0 22 3 24 22 3 24 1
0 16 2 1 16 2 1 1
0 21 1 0 21 1 0 1
0 25 17 16 25 17 16 1
0 7 6 16 7 6 16 1
0 16 15 19 16 15 19 1
0 5 11 3 5 11 3 1
0 3 8 24 3 8 24 1
0 19 2 16 19 2 16 1
0 16 17 7 16 17 7 1
0 1 27 16 1 27 16 1
0 16 27 25 16 27 25 1
0 11 10 3 11 10 3 1
0 19 15 11 19 15 11 1
0 22 13 12 22 13 12 1
0 11 5 19 11 5 19 1
0 18 24 7 18 24 7 1
0 0 2 19 0 2 19 1
0 18 25 23 18 25 23 1
0 26 27 21 26 27 21 1
0 20 26 21 20 26 21 1
0 23 26 20 23 26 20 1
0 26 25 27 26 25 27 1
0 21 27 1 21 27 1 1
"R hand" 0 0
42
0 0.380000 -0.580000 -0.610000 0.369141 0.099609 5
0 0.380000 -0.580000 -0.350000 0.353516 0.099609 5
0 0.250000 0.000000 0.310000 0.267578 0.013672 5
0 0.250000 0.000000 -0.230000 0.333984 0.013672 5
0 0.080000 -0.680000 -0.610000 0.376953 0.068359 5
0 0.380000 -0.580000 -0.610000 0.376953 0.060547 5
0 -0.200000 0.000000 -0.230000 0.412109 0.013672 5
0 -0.010000 -1.170000 0.390000 0.494141 0.099609 5
0 0.180000 -1.420000 0.340000 0.482422 0.111328 5
0 -0.210000 -1.270000 0.390000 0.490234 0.111328 5
0 -0.200000 0.000000 0.310000 0.474609 0.013672 5
0 -0.360000 -0.880000 0.440000 0.494141 0.080078 5
0 -0.360000 -0.880000 -0.460000 0.392578 0.080078 5
0 0.000000 -1.520000 -0.350000 0.404297 0.123047 5
0 0.000000 -1.520000 0.340000 0.486328 0.123047 5
0 0.180000 -1.420000 -0.350000 0.404297 0.119141 5
0 -0.010000 0.210000 0.040000 0.447266 0.005859 5
0 0.230000 -1.170000 -0.610000 0.376953 0.099609 5
0 0.230000 -1.170000 -0.350000 0.404297 0.099609 5
0 0.380000 -1.170000 -0.610000 0.376953 0.099609 5
0 -0.160000 -0.780000 -0.460000 0.392578 0.072266 5
0 -0.010000 0.210000 0.040000 0.306641 0.005859 5
0 0.250000 0.000000 0.310000 0.474609 0.013672 5
0 0.250000 0.000000 -0.230000 0.412109 0.013672 5
0 0.080000 -0.680000 -0.350000 0.349609 0.123047 5
0 0.380000 -1.170000 -0.350000 0.404297 0.099609 5
0 0.380000 -0.580000 -0.350000 0.404297 0.060547 5
0 -0.210000 -1.270000 -0.410000 0.396484 0.111328 5
0 0.080000 -0.680000 -0.350000 0.404297 0.068359 5
0 0.000000 -1.520000 -0.350000 0.400391 0.119141 5
0 -0.010000 -1.170000 -0.410000 0.400391 0.099609 5
0 0.000000 -1.520000 0.340000 0.486328 0.119141 5
0 -0.160000 -0.780000 0.440000 0.498047 0.072266 5
0 -0.160000 -0.780000 0.440000 0.259766 0.123047 5
0 0.080000 -0.680000 -0.350000 0.349609 0.111328 5
0 0.080000 -0.680000 -0.610000 0.376953 0.111328 5
0 -0.160000 -0.780000 0.440000 0.251953 0.123047 5
0 -0.160000 -0.780000 -0.460000 0.400391 0.091797 5
0 -0.160000 -0.780000 0.440000 0.494141 0.091797 5
0 0.180000 -1.420000 0.340000 0.486328 0.119141 5
0 0.180000 -1.420000 -0.350000 0.400391 0.115234 5
0 -0.160000 -0.780000 -0.460000 0.361328 0.123047 5
37
-0.975790 -0.218711 0.000000
-0.825997 0.332667 -0.455040
-0.972535 -0.021655 -0.231747
-0.849406 -0.527740 0.000000
0.413981 -0.085476 0.906264
-0.539180 -0.286182 0.792076
0.450527 -0.540130 0.710834
-0.644176 -0.288875 -0.708229
-0.073192 0.138899 -0.987598
0.577005 0.414070 -0.703997
0.639092 -0.490868 -0.592123
0.535828 0.066249 -0.841724
0.894838 0.044135 0.444204
-0.485643 0.874157 0.000000
-0.978670 0.205440 0.000000
0.313058 -0.949734 0.000000
0.714156 0.592054 0.373435
0.299826 0.718904 -0.627121
-0.333333 0.666667 0.666667
0.160724 -0.069587 0.984543
-0.628337 -0.777941 0.000000
0.000000 -0.511948 -0.859016
0.000000 -0.677882 0.735171
-0.613427 0.623643 -0.484538
-0.816497 0.408248 -0.408248
-0.447214 0.000000 -0.894427
0.534925 0.476140 0.697958
0.855251 0.261812 -0.447214
0.260041 0.429261 0.864936
-0.683622 -0.209135 0.699230
0.643878 0.628212 -0.436772
0.008940 -0.073210 -0.997276
-0.879018 0.426540 -0.213051
-0.384615 0.923077 0.000000
-0.933346 -0.358979 0.000000
-0.978670 0.205440 0.000000
-0.092051 0.165691 0.981872
46
0 0 1 2 0 1 2 1
0 3 0 2 3 0 2 1
0 4 5 6 4 5 6 1
0 7 8 9 7 8 9 1
0 10 11 12 10 11 12 1
0 13 14 15 13 13 14 1
0 9 11 7 9 11 7 1
0 6 16 10 6 15 10 1
0 17 18 19 16 17 18 1
0 20 6 12 19 6 12 1
0 3 2 21 3 2 20 1
0 22 10 16 21 10 15 1
0 6 23 16 6 22 15 1
0 2 1 24 2 1 23 1
0 25 18 26 24 17 25 1
0 27 12 9 26 12 9 1
0 18 17 28 17 16 27 1
0 27 29 30 26 28 29 1
0 17 19 4 16 18 4 1
0 30 20 27 29 19 26 1
0 20 4 6 19 4 6 1
0 9 31 27 9 30 26 1
0 20 12 27 19 12 26 1
0 26 5 25 25 5 24 1
0 11 10 32 11 10 31 1
0 5 23 6 5 22 6 1
0 33 2 24 32 2 23 1
0 30 15 7 29 14 7 1
0 10 22 32 10 21 31 1
0 34 35 36 33 33 33 1
0 37 30 38 34 29 34 1
0 12 6 10 12 6 10 1
0 9 8 31 9 8 30 1
0 15 14 39 14 13 35 1
0 7 11 32 7 11 31 1
0 19 18 25 18 17 24 1
0 26 18 28 25 17 27 1
0 9 12 11 9 12 11 1
0 28 17 4 27 16 4 1
0 30 29 40 29 28 36 1
0 4 19 5 4 18 5 1
0 27 31 29 26 30 28 1
0 25 5 19 24 5 18 1
0 7 15 39 7 14 35 1
0 36 35 41 33 33 33 1
0 38 30 7 34 29 7 1
"L hand" 0 0
42
0 -0.240000 0.000000 0.310000 0.267578 0.013672 12
0 -0.370000 -0.580000 -0.350000 0.353516 0.099609 12
0 -0.370000 -0.580000 -0.610000 0.369141 0.099609 12
0 -0.240000 0.000000 -0.230000 0.333984 0.013672 12
0 0.210000 0.000000 -0.230000 0.412109 0.013672 12
0 -0.370000 -0.580000 -0.610000 0.376953 0.060547 12
0 -0.070000 -0.680000 -0.610000 0.376953 0.068359 12
0 0.220000 -1.270000 0.390000 0.490234 0.111328 12
0 0.010000 -1.520000 0.340000 0.486328 0.119141 12
0 0.020000 -1.170000 0.390000 0.494141 0.099609 12
0 0.370000 -0.880000 -0.460000 0.392578 0.080078 12
0 0.370000 -0.880000 0.440000 0.494141 0.080078 12
0 0.210000 0.000000 0.310000 0.474609 0.013672 12
0 -0.170000 -1.420000 -0.350000 0.404297 0.119141 12
0 -0.170000 -1.420000 0.340000 0.486328 0.119141 12
0 0.010000 -1.520000 -0.350000 0.404297 0.123047 12
0 0.170000 -0.780000 0.440000 0.498047 0.072266 12
0 0.020000 0.210000 0.040000 0.447266 0.005859 12
0 -0.370000 -1.170000 -0.610000 0.376953 0.099609 12
0 -0.370000 -1.170000 -0.350000 0.404297 0.099609 12
0 -0.220000 -1.170000 -0.610000 0.376953 0.099609 12
0 0.170000 -0.780000 -0.460000 0.392578 0.072266 12
0 0.020000 0.210000 0.040000 0.306641 0.005859 12
0 -0.240000 0.000000 0.310000 0.474609 0.013672 12
0 -0.240000 0.000000 -0.230000 0.412109 0.013672 12
0 -0.070000 -0.680000 -0.350000 0.349609 0.123047 12
0 -0.370000 -0.580000 -0.350000 0.404297 0.060547 12
0 -0.070000 -0.680000 -0.350000 0.404297 0.068359 12
0 0.220000 -1.270000 -0.410000 0.396484 0.111328 12
0 -0.220000 -1.170000 -0.350000 0.404297 0.099609 12
0 0.020000 -1.170000 -0.410000 0.400391 0.099609 12
0 -0.170000 -1.420000 -0.350000 0.400391 0.115234 12
0 0.010000 -1.520000 -0.350000 0.400391 0.119141 12
0 0.170000 -0.780000 0.440000 0.259766 0.123047 12
0 0.170000 -0.780000 0.440000 0.251953 0.123047 12
0 0.170000 -0.780000 -0.460000 0.361328 0.123047 12
0 -0.070000 -0.680000 -0.350000 0.349609 0.111328 12
0 0.170000 -0.780000 0.440000 0.494141 0.091797 12
0 0.170000 -0.780000 -0.460000 0.400391 0.091797 12
0 -0.170000 -1.420000 0.340000 0.482422 0.111328 12
0 0.010000 -1.520000 0.340000 0.486328 0.123047 12
0 -0.070000 -0.680000 -0.610000 0.376953 0.111328 12
39
0.972535 -0.021655 -0.231747
0.825997 0.332667 -0.455040
0.975790 -0.218711 0.000000
0.849406 -0.527740 0.000000
-0.450527 -0.540130 0.710834
0.216566 -0.249458 0.943859
-0.701469 -0.014415 0.712554
-0.538330 0.470012 -0.699493
-0.273222 0.406590 -0.871800
0.676951 -0.221868 -0.701792
-0.836907 -0.046476 0.545368
-0.816341 0.137881 -0.560872
-0.639092 -0.490868 -0.592123
0.978670 0.205440 0.000000
0.978670 0.205440 0.000000
0.485643 0.874157 0.000000
0.006776 -0.027988 -0.999585
-0.313058 -0.949734 0.000000
0.816497 0.408248 0.408248
0.333333 0.666667 -0.666667
-0.299826 0.718904 0.627121
-0.160724 -0.069587 0.984543
0.628337 -0.777941 0.000000
0.000000 -0.511948 -0.859016
0.000000 -0.677882 0.735171
0.613427 0.623643 -0.484538
0.894427 0.000000 -0.447214
-0.427626 0.130906 -0.894427
-0.472410 0.383050 0.793789
-0.714156 0.592054 -0.373435
0.748653 -0.362938 0.554792
0.087359 0.165782 0.982286
-0.636054 0.638336 0.433545
0.879018 0.426540 -0.213051
0.384615 0.923077 0.000000
0.933346 -0.358979 0.000000
0.933346 -0.358979 0.000000
0.077133 0.138840 -0.987306
0.384615 0.923077 0.000000
46
0 0 1 2 0 1 2 1
0 0 2 3 0 2 3 1
0 4 5 6 4 5 6 1
0 7 8 9 7 8 9 1
0 10 11 12 10 11 12 1
0 13 14 15 13 14 15 1
0 9 16 7 9 16 7 1
0 12 17 4 12 17 4 1
0 18 19 20 18 19 20 1
0 10 4 21 10 4 21 1
0 22 0 3 22 0 3 1
0 17 12 23 17 12 23 1
0 17 24 4 17 24 4 1
0 25 1 0 25 1 0 1
0 26 27 19 26 27 19 1
0 7 11 28 7 11 28 1
0 27 6 29 27 6 29 1
0 30 31 28 30 31 28 1
0 6 5 20 6 5 20 1
0 28 21 30 28 21 30 1
0 4 6 21 4 6 21 1
0 28 32 7 28 32 7 1
0 28 10 21 28 10 21 1
0 19 18 26 19 18 26 1
0 16 12 11 16 12 11 1
0 4 24 5 4 24 5 1
0 25 0 33 25 0 33 1
0 9 14 30 9 14 30 1
0 16 23 12 16 23 12 1
0 34 35 36 34 34 34 1
0 37 9 38 35 9 36 1
0 12 4 10 12 4 10 1
0 9 8 39 9 8 37 1
0 15 14 40 15 14 15 1
0 7 16 11 7 16 11 1
0 20 19 29 20 19 29 1
0 19 27 29 19 27 29 1
0 28 11 10 28 11 10 1
0 29 6 20 29 6 20 1
0 28 31 32 28 31 32 1
0 20 5 18 20 5 18 1
0 7 32 8 7 32 8 1
0 26 18 5 26 18 5 1
0 30 14 13 30 14 13 1
0 36 35 41 34 34 38 1
0 38 9 30 36 9 30 1

Materials: 2
"Vram"
0.200000 0.200000 0.200000 1.000000
0.800000 0.800000 0.800000 1.000000
0.000000 0.000000 0.000000 1.000000
1.000000 1.000000 1.000000 1.000000
0.000000
1.000000
".\emi.bmp"
""
"Face"
0.200000 0.200000 0.200000 1.000000
0.800000 0.800000 0.800000 1.000000
0.000000 0.000000 0.000000 1.000000
1.000000 1.000000 1.000000 1.000000
0.000000
1.000000
".\face.ini"
""

Bones: 16
"torso"
""
8 0.000000 0.000000 0.000000 0.000000 0.000000 0.000000
0
0
"head"
""
8 0.000000 0.000000 0.000000 0.000000 0.000000 0.000000
0
0
"pelvis"
""
8 0.000000 0.000000 0.000000 0.000000 0.000000 0.000000
0
0
"r lower arm"
""
8 0.000000 0.000000 0.000000 0.000000 0.000000 0.000000
0
0
"r foot"
""
8 0.000000 0.000000 0.000000 0.000000 0.000000 0.000000
0
0
"r hand"
""
8 0.000000 0.000000 0.000000 0.000000 0.000000 0.000000
0
0
"r leg"
""
8 0.000000 0.000000 0.000000 0.000000 0.000000 0.000000
0
0
"r thigh"
""
8 0.000000 0.000000 0.000000 0.000000 0.000000 0.000000
0
0
"r upper arm"
""
8 0.000000 0.000000 0.000000 0.000000 0.000000 0.000000
0
0
"neck"
""
8 0.000000 0.000000 0.000000 0.000000 0.000000 0.000000
0
0
"l lower arm"
""
8 0.000000 0.000000 0.000000 0.000000 0.000000 0.000000
0
0
"l foot"
""
8 0.000000 0.000000 0.000000 0.000000 0.000000 0.000000
0
0
"l hand"
""
8 0.000000 0.000000 0.000000 0.000000 0.000000 0.000000
0
0
"l leg"
""
8 0.000000 0.000000 0.000000 0.000000 0.000000 0.000000
0
0
"l thigh"
""
8 0.000000 0.000000 0.000000 0.000000 0.000000 0.000000
0
0
"l upper arm"
""
8 0.000000 0.000000 0.000000 0.000000 0.000000 0.000000
0
0
